0 62.36268286920198  0 0 0  -0.05787751096608355   -0.04412613393761244  
1 62.36268286920198  0 0 0  -0.002451396465897566   0.02767089149174065  
2 62.36268286920198  0 0 0  3.644294168181614   -16.24227617301922  
3 62.36268286920198  0 0 0  -16.70464425830455   -6.84577198797967  
4 62.36268286920198  0 0 0  -2.014532305259884   -9.820033367353082  
5 62.36268286920198  0 0 0  0.6891477266690338   0.131081295316365  
6 62.36268286920198  0 0 0  -1.396108521565846   0.5601367902358957  
7 62.36268286920198  0 0 0  0.1718174521215532   -0.2840606392224293  
8 62.36268286920198  0 0 0  -0.02378759724618696   0.007289958636575618  
9 62.36268286920198  0 0 0  -0.00454301137400912   0.05869503504591242  
10 62.36268286920198  0 0 0  -0.04052266578543961   0.007195812258146999  
11 62.36268286920198  0 0 0  -0.03076275796683769   0.01971553886023737  
12 62.36268286920198  0 0 0  0.02083668918695853   -0.05275498425976768  
13 62.36268286920198  0 0 0  -0.004734306346243645   -0.009181076054176129  
14 62.36268286920198  0 0 0  22.64384292240167   -29.13476604873285  
15 62.36268286920198  0 0 0  -11.21536930293335   -34.10763057537518  
16 62.36268286920198  0 0 0  -24.07495999120232   17.86395377470846  
17 62.36268286920198  0 0 0  1.255555094838932   3.500285956211913  
18 62.36268286920198  0 0 0  -1.547049540240092   -4.601092136489207  
19 62.36268286920198  0 0 0  0.5605221389899585   0.3125589774519329  
20 62.36268286920198  0 0 0  -0.7391081703344889   -0.7024893930725074  
21 62.36268286920198  0 0 0  0.1130440338359195   0.685963402013489  
22 62.36268286920198  0 0 0  -0.4154815677801231   0.4120314499471123  
23 62.36268286920198  0 0 0  -13.50123187962276   0.4922718509223105  
24 62.36268286920198  0 0 0  16.48126099192191   -11.33921174365562  
25 62.36268286920198  0 0 0  1.849735657597449   -14.64216392144914  
26 62.36268286920198  0 0 0  -0.5376207293160352   -1.634301781383978  
27 62.36268286920198  0 0 0  0.3961810254271988   0.3715858171405151  
28 62.36268286920198  0 0 0  1.37664388030178   0.4610822982208412  
29 62.36268286920198  0 0 0  -0.451728332750523   -0.172307087750831  
30 62.36268286920198  0 0 0  -2.351386879978976   -2.575149018680273  
31 62.36268286920198  0 0 0  -1.752514179362393   1.777458061380747  
32 62.36268286920198  0 0 0  0.1811853405620683   -0.102143853642515  
33 62.36268286920198  0 0 0  0.05294811302873329   0.1158723286030233  
34 62.36268286920198  0 0 0  -0.1307526520407634   -0.2159280799433073  
35 62.36268286920198  0 0 0  -21.71141985715546   13.83175360090757  
36 62.36268286920198  0 0 0  0.6602938409975099   3.083440274644854  
37 62.36268286920198  0 0 0  6.997444091364537   3.965396987808495  
38 62.36268286920198  0 0 0  -0.5803821866384945   -12.04372548311998  
39 62.36268286920198  0 0 0  13.4752019205931   11.85673928419049  
40 62.36268286920198  0 0 0  18.11134195169219   3.041735098218251  
41 62.36268286920198  0 0 0  0.03285671987587659   -0.008706452258782147  
42 62.36268286920198  0 0 0  -0.01503158239141051   0.01440730823974925  
43 62.36268286920198  0 0 0  0.003841238625016266   0.006412227823186528  
44 62.36268286920198  0 0 0  -2.132059592783107   -1.953779716636297  
45 62.36268286920198  0 0 0  0.4795503581076337   -1.130143857728125  
46 62.36268286920198  0 0 0  0.6135114196453716   1.106228890265846  
47 62.36268286920198  0 0 0  -0.2750258404236435   0.01909885608859756  
48 62.36268286920198  0 0 0  0.3878759300657367   -1.179646783840989  
49 62.36268286920198  0 0 0  -0.1017016341222815   -0.6277152957402244  
50 62.36268286920198  0 0 0  -1.39680610269867   0.7393781705997897  
51 62.36268286920198  0 0 0  -0.1647804997231554   -1.11303104784369  
52 62.36268286920198  0 0 0  -1.712663796664199   0.16890523783468  
53 62.36268286920198  0 0 0  -21.090526742313   -7.988310083321047  
54 62.36268286920198  0 0 0  70.89283445648059   -57.37794366968186  
55 62.36268286920198  0 0 0  17.0361666414294   -63.27028903213356  
56 62.36268286920198  0 0 0  -1.412115230656692   0.1676221656255642  
57 62.36268286920198  0 0 0  -0.03855871148357715   -0.2435427864566556  
58 62.36268286920198  0 0 0  -0.9239382046573945   0.3390509296837601  
59 62.36268286920198  0 0 0  -0.8889160227669248   4.344373542887595  
60 62.36268286920198  0 0 0  1.424695859450284   1.087502505288985  
61 62.36268286920198  0 0 0  2.643463434335913   -0.07822589685605724  
62 62.36268286920198  0 0 0  20.55930035111575   -16.83310251900714  
63 62.36268286920198  0 0 0  -44.92943327458257   15.20529585851567  
64 62.36268286920198  0 0 0  -9.427772648485545   -2.055431624102138  
65 62.36268286920198  0 0 0  0.154697504938535   0.2403604604227396  
66 62.36268286920198  0 0 0  -0.1293595909693951   -0.1510787394060589  
67 62.36268286920198  0 0 0  -0.1074523486493545   0.4355673901374463  
68 62.36268286920198  0 0 0  -0.5349632874133645   0.4778291665537236  
69 62.36268286920198  0 0 0  0.5600233956061478   -0.07788078979460615  
70 62.36268286920198  0 0 0  -0.2841429934247998   -0.2029306281258145  
71 62.36268286920198  0 0 0  18.24020128694647   13.43449779834616  
72 62.36268286920198  0 0 0  3.259110111194647   5.151347884706842  
73 62.36268286920198  0 0 0  5.186321046999966   3.897712973726418  
74 62.36268286920198  0 0 0  0.7139238167226166   -1.4205960859796  
75 62.36268286920198  0 0 0  -3.823782217001026   -2.158186135799835  
76 62.36268286920198  0 0 0  5.054564740153287   2.864693611918247  
77 62.36268286920198  0 0 0  -0.3749036661163731   -0.09955418622651703  
78 62.36268286920198  0 0 0  -1.953674383394147   1.162119928071564  
79 62.36268286920198  0 0 0  -0.2137082253006191   0.4467255736001252  
80 62.36268286920198  0 0 0  -0.5091211397335806   -0.3979132215511569  
81 62.36268286920198  0 0 0  0.6154006745626023   0.5104482405087875  
82 62.36268286920198  0 0 0  0.4141210768614417   0.1874677667929248  
83 62.36268286920198  0 0 0  -0.1479394839979232   0.05835049468147219  
84 62.36268286920198  0 0 0  -0.2446725033155954   -0.02210515228118063  
85 62.36268286920198  0 0 0  -0.1492560407004109   0.008076056485591086  
86 62.36268286920198  0 0 0  2.635698518928462   1.508731527801211  
87 62.36268286920198  0 0 0  0.1509159721281802   -0.8453477721438324  
88 62.36268286920198  0 0 0  0.2268749247700879   0.03690816589766732  
89 62.36268286920198  0 0 0  -0.1018612842115299   0.03133433651289826  
90 62.36268286920198  0 0 0  -0.4041514328648788   0.4980539352325579  
91 62.36268286920198  0 0 0  0.02974155718823993   0.1266950319647468  
92 62.36268286920198  0 0 0  -0.08873100028657714   -0.02075692550390289  
93 62.36268286920198  0 0 0  -0.0783636393637052   0.04366887811839708  
94 62.36268286920198  0 0 0  -0.03181460115421642   -0.5148785340286882  
95 62.36268286920198  0 0 0  0.3357258352540707   0.3931447951370314  
96 62.36268286920198  0 0 0  0.1283446435732437   -0.151580718146603  
97 62.36268286920198  0 0 0  -0.285374538398053   0.02413210194717874  
98 62.36268286920198  0 0 0  -1.834307576169174   1.813721596871099  
99 62.36268286920198  0 0 0  -0.3864118253950382   -0.4823916578012731  
100 62.36268286920198  0 0 0  0.4235793342490449   1.531028296017627  
101 62.36268286920198  0 0 0  -7.008690003481531   -14.90759450754359  
102 62.36268286920198  0 0 0  -15.16032213143931   3.152316158915468  
103 62.36268286920198  0 0 0  9.575259369523438   -13.07118658524617  
104 62.36268286920198  0 0 0  -0.2593274247535378   1.79790623447404  
105 62.36268286920198  0 0 0  -22.63419457272544   3.152852890908039  
106 62.36268286920198  0 0 0  7.122842401557969   -14.23906738919909  
107 62.36268286920198  0 0 0  -0.08756474270659799   -0.09945571243827707  
108 62.36268286920198  0 0 0  0.05045373637664834   0.02979391165496939  
109 62.36268286920198  0 0 0  -0.648797203547997   0.1364186280189555  
110 62.36268286920198  0 0 0  -0.6319826781473382   0.07086834629424084  
111 62.36268286920198  0 0 0  0.04783570046578305   -0.4834758831667963  
112 62.36268286920198  0 0 0  -0.3273715890947528   0.08399244091646348  
113 62.36268286920198  0 0 0  -0.09782420390613368   5.698822511290385  
114 62.36268286920198  0 0 0  -10.54766925176877   12.00962151346317  
115 62.36268286920198  0 0 0  -6.532429991308004   3.714538214030368  
116 62.36268286920198  0 0 0  -1.252950088968888   -2.321527762999789  
117 62.36268286920198  0 0 0  -3.327135897513016   -3.913137679663731  
118 62.36268286920198  0 0 0  -0.6717744552977248   0.6542286636449769  
119 62.36268286920198  0 0 0  -4.036206051127231   2.049010556308755  
120 62.36268286920198  0 0 0  0.4705510895164318   -2.716602600822177  
121 62.36268286920198  0 0 0  -9.408674408712692   2.489075869276588  
122 62.36268286920198  0 0 0  0.6054263340402812   -0.4114307126129867  
123 62.36268286920198  0 0 0  -0.003863475021519376   0.1194198854870844  
124 62.36268286920198  0 0 0  0.1238202523098939   0.1100847047573092  
125 62.36268286920198  0 0 0  0.2606063946790946   -1.101105623817759  
126 62.36268286920198  0 0 0  -0.2632573708117831   0.3797514269202922  
127 62.36268286920198  0 0 0  0.7148208970811509   -0.1217087495616286  
128 62.36268286920198  0 0 0  0.422530961385827   -0.3004404300033456  
129 62.36268286920198  0 0 0  1.054981022978451   0.6148601776968161  
130 62.36268286920198  0 0 0  -0.3110974422489213   -0.7434468640730434  
131 62.36268286920198  0 0 0  -0.7887028849716743   0.9831867675591891  
132 62.36268286920198  0 0 0  -0.3162021220492058   0.9235690982050507  
133 62.36268286920198  0 0 0  -0.001260589637479079   0.001132389785145389  
134 62.36268286920198  0 0 0  -4.213026375765008e-05   -0.003388103688274435  
135 62.36268286920198  0 0 0  -0.1004172517436051   0.4716594729969552  
136 62.36268286920198  0 0 0  0.5253215043075494   0.1205385272076579  
137 62.36268286920198  0 0 0  -4.489747923894646   -1.116330442349247  
138 62.36268286920198  0 0 0  -3.129065295884523   2.404012439214462  
139 62.36268286920198  0 0 0  6.675416596355912   -9.360577068913102  
140 62.36268286920198  0 0 0  -3.456688574408859   11.63841730872731  
141 62.36268286920198  0 0 0  3.894367801160608   17.05402564653373  
142 62.36268286920198  0 0 0  -2.325437958605293   -1.898487294864407  
143 62.36268286920198  0 0 0  0.02024179153455398   -0.08422834234109138  
144 62.36268286920198  0 0 0  -1.033570210528227   0.5391993555456539  
145 62.36268286920198  0 0 0  -0.8444573691041177   1.19489535261362  
146 62.36268286920198  0 0 0  1.009553619558039   -0.2010856963173231  
147 62.36268286920198  0 0 0  16.6280356295807   2.835730819771009  
148 62.36268286920198  0 0 0  7.357556610224854   -16.58595341904198  
149 62.36268286920198  0 0 0  -0.8757186580711136   -5.142880943794983  
150 62.36268286920198  0 0 0  -0.3818426124039999   0.1746117442364495  
151 62.36268286920198  0 0 0  0.2098919056957638   0.3026318634353006  
152 62.36268286920198  0 0 0  0.02622889144586929   0.4125637569664805  
153 62.36268286920198  0 0 0  0.4155061437090928   0.3668635872968214  
154 62.36268286920198  0 0 0  -0.4378217737478293   0.03260952836763485  
155 62.36268286920198  0 0 0  -4.034847037630522   -2.185305918139285  
156 62.36268286920198  0 0 0  -1.367118586703226   0.4369043763168303  
157 62.36268286920198  0 0 0  0.5229598304889455   -0.6123984090333544  
158 62.36268286920198  0 0 0  -3.543271232367734   1.796773757987778  
159 62.36268286920198  0 0 0  -0.6051411173625144   -0.2563793705025525  
160 62.36268286920198  0 0 0  3.090878494244186   2.071105090394673  
161 62.36268286920198  0 0 0  -0.0005404987941297113   0.2019936889470346  
162 62.36268286920198  0 0 0  0.3042231950009804   0.2852409375983826  
163 62.36268286920198  0 0 0  -0.3971080532009924   -1.071509332968985  
164 62.36268286920198  0 0 0  2.887648265581016   4.525849138833813  
165 62.36268286920198  0 0 0  -1.293371006027193   0.550424349335163  
166 62.36268286920198  0 0 0  -2.973303511010507   2.220937351266665  
167 62.36268286920198  0 0 0  -0.2602269421546307   0.3920548959459123  
168 62.36268286920198  0 0 0  -1.593049246609596   1.561819610733992  
169 62.36268286920198  0 0 0  -7.887269948015715   1.144053661475184  
170 62.36268286920198  0 0 0  2.8668164473975   2.153803021479101  
171 62.36268286920198  0 0 0  0.1801431070305951   -0.1093913956850045  
172 62.36268286920198  0 0 0  0.422103955873155   0.2970521005722275  
173 62.36268286920198  0 0 0  0.1952808262047004   -0.3053930304780095  
174 62.36268286920198  0 0 0  0.169075398864893   -0.09534638734893033  
175 62.36268286920198  0 0 0  0.4278210995588519   0.5711868090441682  
176 62.36268286920198  0 0 0  0.3246140022958022   0.4069347200977927  
177 62.36268286920198  0 0 0  3.637382411439188   1.512227574586213  
178 62.36268286920198  0 0 0  15.42339568178821   4.426499775699713  
179 62.36268286920198  0 0 0  -21.01183605408782   -1.130071676765244  
180 62.36268286920198  0 0 0  -1.861861312536862   0.5026029093246362  
181 62.36268286920198  0 0 0  -1.403591587533128   -0.1721007318954069  
182 62.36268286920198  0 0 0  15.73233279982347   10.23644779877254  
183 62.36268286920198  0 0 0  7.94793947860621   8.251353935169501  
184 62.36268286920198  0 0 0  5.483282380238912   9.605935893056424  
185 62.36268286920198  0 0 0  -0.3274734410386363   -0.4189495574810661  
186 62.36268286920198  0 0 0  0.2199686528790119   -0.6936148440597548  
187 62.36268286920198  0 0 0  0.2928071651128527   -0.2819167418124184  
188 62.36268286920198  0 0 0  -0.06499200596423307   -0.4680284309719385  
189 62.36268286920198  0 0 0  -0.2145512057860141   0.2105595033116255  
190 62.36268286920198  0 0 0  -0.3327906757944387   -0.1930085264637278  
191 62.36268286920198  0 0 0  0.2181713754633378   0.03049184137748056  
192 62.36268286920198  0 0 0  -1.099645486180221   -0.3632931785550319  
193 62.36268286920198  0 0 0  -3.260231298723969   1.500878679693144  
194 62.36268286920198  0 0 0  0.09392170300942608   -3.15408400637693  
195 62.36268286920198  0 0 0  3.694883340569127   1.801833580155614  
196 62.36268286920198  0 0 0  1.39414114597993   0.3171286308492941  
197 62.36268286920198  0 0 0  1.287227267443169   -3.333122186856929  
198 62.36268286920198  0 0 0  -2.072243525121948   -1.269656791599521  
199 62.36268286920198  0 0 0  1.43151972974624   -0.3399863006862167  
200 62.36268286920198  0 0 0  1.719546027586955   -1.463640317139354  
201 62.36268286920198  0 0 0  11.59315039363743   -25.46864383309974  
202 62.36268286920198  0 0 0  -17.05300858934408   -1.392608625114333  
203 62.36268286920198  0 0 0  -1.587867920759499   0.7797662535445148  
204 62.36268286920198  0 0 0  0.222459962095096   1.099725439045028  
205 62.36268286920198  0 0 0  -1.664523807858893   0.1447974132495058  
206 62.36268286920198  0 0 0  0.397135840783814   27.35548635950136  
207 62.36268286920198  0 0 0  0.4778417001959225   -0.198009582993584  
208 62.36268286920198  0 0 0  9.217090811257401   27.63590892095226  
209 62.36268286920198  0 0 0  -0.102934562091107   -0.06689272782535852  
210 62.36268286920198  0 0 0  0.6129121214570921   -0.3428539707196585  
211 62.36268286920198  0 0 0  3.097078076970216   -3.300359665845145  
212 62.36268286920198  0 0 0  0.88727074174623   -0.6559039031890432  
213 62.36268286920198  0 0 0  -0.9054810763396725   -0.2145656490621112  
214 62.36268286920198  0 0 0  -0.8345181564042908   -0.4784030262477499  
215 62.36268286920198  0 0 0  0.8142609186106411   -1.404338193409471  
216 62.36268286920198  0 0 0  -2.664651916164217   2.5172600882075  
217 62.36268286920198  0 0 0  13.96260153903917   4.21132348859551  
218 62.36268286920198  0 0 0  13.24281493534296   3.785487352677137  
219 62.36268286920198  0 0 0  6.425082092480878   -5.910966395175781  
220 62.36268286920198  0 0 0  -0.6726516761275446   -0.9587025863076598  
221 62.36268286920198  0 0 0  -0.2640571894151142   2.308614107418077  
222 62.36268286920198  0 0 0  0.36800358653616   0.5478145815879246  
223 62.36268286920198  0 0 0  4.322888316445406   -7.768803821963592  
224 62.36268286920198  0 0 0  -0.6228776864589625   -1.110173778176829  
225 62.36268286920198  0 0 0  -2.506220164050613   -8.318588681805007  
226 62.36268286920198  0 0 0  -1.368660582205465   -1.685913580255203  
227 62.36268286920198  0 0 0  -0.8979482482924339   0.3595030949864819  
228 62.36268286920198  0 0 0  -1.265552817485611   0.03289758436589808  
229 62.36268286920198  0 0 0  -0.4581248099896489   0.5603257917043143  
230 62.36268286920198  0 0 0  0.1324264810774972   0.2388372629200381  
231 62.36268286920198  0 0 0  -0.5034370766866891   0.644974078227448  
232 62.36268286920198  0 0 0  0.3173714171376221   -0.02017632626343184  
233 62.36268286920198  0 0 0  -1.705878174334066   -7.011735044187962  
234 62.36268286920198  0 0 0  6.416192254045058   5.112369272456311  
235 62.36268286920198  0 0 0  0.06739301308247923   2.286255754397196  
236 62.36268286920198  0 0 0  0.2054521398114244   3.002779374887492  
237 62.36268286920198  0 0 0  1.132040384938267   3.178302532302778  
238 62.36268286920198  0 0 0  -3.021912499464112   -1.225362328483376  
239 62.36268286920198  0 0 0  2.03046973797302   0.7959004224548588  
240 62.36268286920198  0 0 0  3.896007127058142   -1.714818975850341  
241 62.36268286920198  0 0 0  1.609813956430403   2.255530752726521  
242 62.36268286920198  0 0 0  -2.834971641201361   0.9509140793176648  
243 62.36268286920198  0 0 0  0.8553224746313591   0.9163805936245888  
244 62.36268286920198  0 0 0  0.4916984107557383   0.2808385350746623  
245 62.36268286920198  0 0 0  -0.1777121061846072   -0.7212186503692551  
246 62.36268286920198  0 0 0  2.110108141300695   1.469221810285316  
247 62.36268286920198  0 0 0  -0.5579904854296873   1.707035917621795  
248 62.36268286920198  0 0 0  -1.01671234293028   1.744458172997129  
249 62.36268286920198  0 0 0  -3.030478419469542   -0.6933022413551474  
250 62.36268286920198  0 0 0  -0.668860063959653   2.889794867785366  
251 62.36268286920198  0 0 0  4.647797908438227   18.33546964542134  
252 62.36268286920198  0 0 0  4.159570236227918   0.7211583612125629  
253 62.36268286920198  0 0 0  -5.319375270605741   -19.1528285243756  
254 62.36268286920198  0 0 0  2.142899758429735   12.40624773091935  
255 62.36268286920198  0 0 0  -1.15950656504679   4.149600439674819  
256 62.36268286920198  0 0 0  4.796308623869249   -10.36888454881291  
257 62.36268286920198  0 0 0  0.9183422254729849   0.1968668225478599  
258 62.36268286920198  0 0 0  1.445544492391643   0.4894087475842571  
259 62.36268286920198  0 0 0  -0.2321038674785097   -0.9017116925345766  
260 62.36268286920198  0 0 0  0.4487136640061478   0.4926212790663684  
261 62.36268286920198  0 0 0  -0.05718395440032077   -0.5553999827966958  
262 62.36268286920198  0 0 0  0.03847444528496526   0.1578390999608236  
263 62.36268286920198  0 0 0  -0.8824968679002829   0.5894741067470596  
264 62.36268286920198  0 0 0  -0.1078291119396964   0.1596847688918537  
265 62.36268286920198  0 0 0  -0.2375976600253911   -1.370732670563367  
266 62.36268286920198  0 0 0  -0.5433009718774786   -0.4004266586039484  
267 62.36268286920198  0 0 0  -1.80488225426914   1.67200221423974  
268 62.36268286920198  0 0 0  -1.955537719104848   0.02209854297521928  
269 62.36268286920198  0 0 0  -0.6361539702343691   -0.411325751055738  
270 62.36268286920198  0 0 0  0.04380337622713738   -0.8159477520043839  
271 62.36268286920198  0 0 0  0.07295597570329726   1.575458155531627  
272 62.36268286920198  0 0 0  -0.2042697554729891   -0.7909636484474361  
273 62.36268286920198  0 0 0  -0.1177783710493013   0.770454942963632  
274 62.36268286920198  0 0 0  0.1798337356016729   0.2114781539957107  
275 62.36268286920198  0 0 0  -22.5160647485087   7.895188928769539  
276 62.36268286920198  0 0 0  5.653749277514434   -3.014017877079415  
277 62.36268286920198  0 0 0  4.301381633743929   -7.094525482868742  
278 62.36268286920198  0 0 0  2.281230854848765   -4.519963042038153  
279 62.36268286920198  0 0 0  -0.6781212295485503   -0.3614826284404341  
280 62.36268286920198  0 0 0  0.2027582669683747   3.204516577544586  
281 62.36268286920198  0 0 0  -2.391669071395772   0.2181675364920969  
282 62.36268286920198  0 0 0  3.440947618339767   0.8070034524338158  
283 62.36268286920198  0 0 0  -2.449528083303704   1.009803458468693  
284 62.36268286920198  0 0 0  5.081573704823054   6.297811928685324  
285 62.36268286920198  0 0 0  -0.5828514749840988   0.2165465413041672  
286 62.36268286920198  0 0 0  1.995745509858651   4.287532412022464  
287 62.36268286920198  0 0 0  -0.001746718471392105   0.4306253119783305  
288 62.36268286920198  0 0 0  -0.8324238565613561   1.10234638356734  
289 62.36268286920198  0 0 0  -10.69363104921586   -9.843937722648143  
290 62.36268286920198  0 0 0  -0.7651392261523462   -0.3267856859587622  
291 62.36268286920198  0 0 0  -0.8588320223228698   0.1550150547337181  
292 62.36268286920198  0 0 0  -0.306199152504277   -0.1111099021531603  
293 62.36268286920198  0 0 0  -0.5583265384967721   -0.75242524597232  
294 62.36268286920198  0 0 0  0.3593476433220319   0.3300640696690391  
295 62.36268286920198  0 0 0  -0.1889322688020135   -0.1942511498437226  
296 62.36268286920198  0 0 0  0.9685513773932594   -0.2074125804318878  
297 62.36268286920198  0 0 0  0.6209993016187491   5.034776426313674  
298 62.36268286920198  0 0 0  2.115822296390684   11.3484647587285  
299 62.36268286920198  0 0 0  -1.070978302445954   2.142181627778242  
300 62.36268286920198  0 0 0  2.211455112971964   1.37592331132831  
301 62.36268286920198  0 0 0  0.05121624589806299   -0.5809580529420216  
302 62.36268286920198  0 0 0  -0.008950105457823085   0.2879305290725995  
303 62.36268286920198  0 0 0  -0.4871418524806053   0.3541634304383797  
304 62.36268286920198  0 0 0  0.1770510751918732   -0.3092594158437298  
305 62.36268286920198  0 0 0  0.01234904372954418   0.6584080879840249  
306 62.36268286920198  0 0 0  0.2977608788568731   0.1964045582171167  
307 62.36268286920198  0 0 0  0.649016241607291   -0.8295877989854543  
308 62.36268286920198  0 0 0  0.6191079860836278   0.01279568822948225  
309 62.36268286920198  0 0 0  -0.1762176339022725   -0.5479998932499257  
310 62.36268286920198  0 0 0  -0.2341245488680801   0.3687660628047231  
311 62.36268286920198  0 0 0  -7.078601652231169   -1.260778770204623  
312 62.36268286920198  0 0 0  -4.877063774843173   -4.882029470199705  
313 62.36268286920198  0 0 0  3.278899387540883   2.476499357099149  
314 62.36268286920198  0 0 0  -0.07497159096407062   -3.08657713668823  
315 62.36268286920198  0 0 0  -2.269407832610172   0.9894232571381874  
316 62.36268286920198  0 0 0  -0.3417197931383274   -0.5236299121908542  
317 62.36268286920198  0 0 0  -0.4609001461828934   0.3823174365549568  
318 62.36268286920198  0 0 0  -1.621462179799847   1.528517998560735  
319 62.36268286920198  0 0 0  -0.5377012170565673   0.3771974553368744  
320 62.36268286920198  0 0 0  -1.008254094340205   1.247875095167177  
321 62.36268286920198  0 0 0  -2.175294699819614   7.102855284359579  
322 62.36268286920198  0 0 0  -0.9667712203141643   -1.413204351472962  
323 62.36268286920198  0 0 0  -0.8029490061337856   2.380606749545826  
324 62.36268286920198  0 0 0  1.542153784679183   -0.7849192554073052  
325 62.36268286920198  0 0 0  2.366222352957314   -0.3615917325107599  
326 62.36268286920198  0 0 0  2.237160692170872   -0.07918610003957501  
327 62.36268286920198  0 0 0  0.9848454461450996   0.9719505828370123  
328 62.36268286920198  0 0 0  -0.9404259897102244   -0.01168501873477662  
329 62.36268286920198  0 0 0  0.146501206327018   1.085173707235844  
330 62.36268286920198  0 0 0  -7.160020348896689   -2.551958177126755  
331 62.36268286920198  0 0 0  0.2548441239583894   0.03117802560249803  
332 62.36268286920198  0 0 0  7.91638712775927   -3.883259885953506  
333 62.36268286920198  0 0 0  4.211965369967469   3.190514730665061  
334 62.36268286920198  0 0 0  -0.01923208902854083   -7.032980065917378  
335 62.36268286920198  0 0 0  -0.1095848294432998   0.5903293208773622  
336 62.36268286920198  0 0 0  -1.127046504248715   -0.3459221007107195  
337 62.36268286920198  0 0 0  -1.341226956864406   -0.1731673551217517  
338 62.36268286920198  0 0 0  1.225062649605153   1.782102569398228  
339 62.36268286920198  0 0 0  0.09728703502871303   -2.693269073878044  
340 62.36268286920198  0 0 0  -1.63828422158976   0.7195779964850468  
341 62.36268286920198  0 0 0  0.1775670531998864   -0.01032382980117528  
342 62.36268286920198  0 0 0  -0.07156780195241559   -0.7485578072331012  
343 62.36268286920198  0 0 0  -2.226582270866042   -1.127816714377872  
344 62.36268286920198  0 0 0  11.64466269149264   -7.588230237965822  
345 62.36268286920198  0 0 0  -0.9695150164822158   1.86528465109944  
346 62.36268286920198  0 0 0  -0.06067336190941111   0.6579148800390454  
347 62.36268286920198  0 0 0  0.1820562448475005   -0.07114530981603642  
348 62.36268286920198  0 0 0  1.507531326482549   -0.7019497174583864  
349 62.36268286920198  0 0 0  -0.962091134952487   -3.204335768224546  
