0 62.36268286920198  0 0 0  0.001179424547251306   0.003176793502073855  
1 62.36268286920198  0 0 0  -0.001962177973111828   -0.001608014670345602  
2 62.36268286920198  0 0 0  -0.03249814874758159   -0.02650274381378539  
3 62.36268286920198  0 0 0  0.04001639211919058   0.004952479089959487  
4 62.36268286920198  0 0 0  -0.01949995698223383   -0.03617640404765954  
5 62.36268286920198  0 0 0  0.001583989297211373   0.0001285097566600494  
6 62.36268286920198  0 0 0  0.0002914298691171124   -0.001634953561660768  
7 62.36268286920198  0 0 0  0.0003638075536753345   -0.001546240203204255  
8 62.36268286920198  0 0 0  -0.0003660668915446672   -0.00025218316075263  
9 62.36268286920198  0 0 0  4.053974889137636e-05   0.0006396288054542363  
10 62.36268286920198  0 0 0  0.0002213620910529301   -0.0001753577659783237  
11 62.36268286920198  0 0 0  -0.0006103688870958498   -0.000263508680320389  
12 62.36268286920198  0 0 0  0.001449241995771575   0.000344200733707527  
13 62.36268286920198  0 0 0  0.001074914626855941   -0.0001244143070797868  
14 62.36268286920198  0 0 0  -0.1871895390361837   0.396381187613179  
15 62.36268286920198  0 0 0  -0.0423855713801523   -0.3588149172074825  
16 62.36268286920198  0 0 0  -0.2414401792777354   0.2780314361592887  
17 62.36268286920198  0 0 0  0.002819460295211719   -0.004713590087371899  
18 62.36268286920198  0 0 0  0.004654556374078603   -0.002975683946226587  
19 62.36268286920198  0 0 0  0.004300599440113479   -0.002531016927609407  
20 62.36268286920198  0 0 0  0.0003000807707514452   -0.0001680194683963508  
21 62.36268286920198  0 0 0  -0.0001181809693460172   0.0002424736906515978  
22 62.36268286920198  0 0 0  9.469791569840934e-05   0.0001252019686373877  
23 62.36268286920198  0 0 0  -0.03019125002924346   0.07726338662412761  
24 62.36268286920198  0 0 0  -0.06782743567925006   0.02839137831387864  
25 62.36268286920198  0 0 0  0.06391569499030893   -0.04447200400156554  
26 62.36268286920198  0 0 0  0.0003148141483263171   -0.0002938699517360023  
27 62.36268286920198  0 0 0  -0.0001885155121571861   0.0003917877759770672  
28 62.36268286920198  0 0 0  -0.0004669338875404636   6.623294933070122e-06  
29 62.36268286920198  0 0 0  -0.001647224112050477   0.002851797789366466  
30 62.36268286920198  0 0 0  -0.0005949803455541887   -0.003013044164712952  
31 62.36268286920198  0 0 0  0.0006290408368328751   0.002996812133825836  
32 62.36268286920198  0 0 0  -5.365050388277854e-06   -0.0001243777893580969  
33 62.36268286920198  0 0 0  0.0001370586903894905   1.056866146303792e-05  
34 62.36268286920198  0 0 0  -7.018539945443675e-05   0.0001019444131833849  
35 62.36268286920198  0 0 0  0.02035024649628912   -0.05265403572693102  
36 62.36268286920198  0 0 0  0.0319998758661551   0.05120682676533042  
37 62.36268286920198  0 0 0  0.04313896370493091   0.03117108582674268  
38 62.36268286920198  0 0 0  -0.05234269185124803   0.01890588018433614  
39 62.36268286920198  0 0 0  0.02803650818129942   0.03692646732102468  
40 62.36268286920198  0 0 0  0.02876969583217987   0.04768583681812249  
41 62.36268286920198  0 0 0  -5.018162995847506e-06   -1.417759124946422e-05  
42 62.36268286920198  0 0 0  -0.00100698816027033   -0.002965456691151724  
43 62.36268286920198  0 0 0  0.002464099646243748   -0.0008449566145917868  
44 62.36268286920198  0 0 0  0.0001441293726487733   0.004276632109474219  
45 62.36268286920198  0 0 0  0.001928124465886271   0.003032181723046345  
46 62.36268286920198  0 0 0  -0.003826384929816779   0.005125284803496807  
47 62.36268286920198  0 0 0  -0.0001355923677843902   -0.0006213797018117641  
48 62.36268286920198  0 0 0  -0.0007739849679217532   0.0001767954360075355  
49 62.36268286920198  0 0 0  -0.00147362372625126   0.0006359686431165701  
50 62.36268286920198  0 0 0  0.001143115825575023   -0.002457927362972631  
51 62.36268286920198  0 0 0  6.925290692843847e-05   -0.0001419542801997343  
52 62.36268286920198  0 0 0  0.0001035234774693855   -0.001320680707891543  
53 62.36268286920198  0 0 0  -1.82506665315726   -1.309131212976217  
54 62.36268286920198  0 0 0  -0.3649752273627084   1.992666293218587  
55 62.36268286920198  0 0 0  1.804275455910672   1.033699735514167  
56 62.36268286920198  0 0 0  -0.0007194599665967645   -0.0002171013577760192  
57 62.36268286920198  0 0 0  -0.0001997250363103836   -0.0007423098598701408  
58 62.36268286920198  0 0 0  -6.926273964711586e-05   -0.0004927691668763706  
59 62.36268286920198  0 0 0  0.003241411714451492   0.00219888218797711  
60 62.36268286920198  0 0 0  0.00383922735239285   -0.002331812928288365  
61 62.36268286920198  0 0 0  -0.003944607709908683   0.002095173358233638  
62 62.36268286920198  0 0 0  -0.2537048792852141   0.3744400116005152  
63 62.36268286920198  0 0 0  -0.3233811926191903   0.3270167262622657  
64 62.36268286920198  0 0 0  -0.3427352971109897   0.4484319023462923  
65 62.36268286920198  0 0 0  0.000327201811950479   -8.071090625329058e-05  
66 62.36268286920198  0 0 0  -0.009594156598270585   0.0003514388437916097  
67 62.36268286920198  0 0 0  0.0002819301450213302   0.01016791158506527  
68 62.36268286920198  0 0 0  -0.001279071397032599   -0.001821538053706038  
69 62.36268286920198  0 0 0  -0.0007336384803375059   0.002202579048109536  
70 62.36268286920198  0 0 0  3.142679256029921e-05   8.518250334960298e-06  
71 62.36268286920198  0 0 0  0.02064086183701786   0.04176580867460946  
72 62.36268286920198  0 0 0  -0.01330108539504585   0.042738022291019  
73 62.36268286920198  0 0 0  0.04373458558332632   0.02160756730301577  
74 62.36268286920198  0 0 0  0.006602014524150074   0.005306162272248445  
75 62.36268286920198  0 0 0  -0.003106081950120483   -0.008898366689203904  
76 62.36268286920198  0 0 0  -0.005017635491558617   -0.006653361397097117  
77 62.36268286920198  0 0 0  -0.0004276838101312141   0.0003945475837551852  
78 62.36268286920198  0 0 0  -0.0002600842232380636   0.0005897153413244328  
79 62.36268286920198  0 0 0  -0.0005079715592724212   8.309623212259074e-05  
80 62.36268286920198  0 0 0  0.007771845688893075   0.002424597019795881  
81 62.36268286920198  0 0 0  0.009515016952807428   -0.0005629088268254676  
82 62.36268286920198  0 0 0  -2.190885570113232e-05   3.109989300139297e-05  
83 62.36268286920198  0 0 0  4.1823858312882e-06   -6.709846096736246e-07  
84 62.36268286920198  0 0 0  -5.370437035590426e-06   8.947554699642766e-05  
85 62.36268286920198  0 0 0  0.0002811501953569589   -0.0003254833289980739  
86 62.36268286920198  0 0 0  0.002554065259090241   0.004146687404232151  
87 62.36268286920198  0 0 0  -0.0002978845177331586   0.006176689181189775  
88 62.36268286920198  0 0 0  0.00587267140807141   0.0009576188061332042  
89 62.36268286920198  0 0 0  -1.199167051562631e-05   3.442560345490464e-05  
90 62.36268286920198  0 0 0  -0.0001673439906024066   -0.0001793473306931581  
91 62.36268286920198  0 0 0  -1.094034439173284e-05   7.177494350972309e-05  
92 62.36268286920198  0 0 0  -4.38272821561274e-05   0.0001953603455460564  
93 62.36268286920198  0 0 0  6.296806936907466e-05   -0.000127713875694106  
94 62.36268286920198  0 0 0  -0.0002758709515377995   7.000085804682242e-05  
95 62.36268286920198  0 0 0  -2.691768958009468e-05   0.0001771805861465311  
96 62.36268286920198  0 0 0  -4.925297756055979e-05   0.0001723548359739174  
97 62.36268286920198  0 0 0  0.0002345242358660964   -1.404371770577709e-05  
98 62.36268286920198  0 0 0  -0.0001697047518820292   0.00174613675288241  
99 62.36268286920198  0 0 0  -0.001825579600511737   -7.868528799592537e-06  
100 62.36268286920198  0 0 0  0.001569215448264709   -0.001267126250328559  
101 62.36268286920198  0 0 0  0.0009717256443203064   0.05160746511081545  
102 62.36268286920198  0 0 0  0.06166360735600101   -0.004219173178600705  
103 62.36268286920198  0 0 0  0.0025233612182345   -0.04737524419038321  
104 62.36268286920198  0 0 0  0.1417187587845232   0.02129060054442198  
105 62.36268286920198  0 0 0  -0.09606779737215011   0.06224680368948493  
106 62.36268286920198  0 0 0  0.007297502876370129   0.1167380495025715  
107 62.36268286920198  0 0 0  0.005967951708742986   -0.009320664131163222  
108 62.36268286920198  0 0 0  -0.00580983953077488   0.006177980430127754  
109 62.36268286920198  0 0 0  4.490499244244574e-05   -2.476867215516598e-05  
110 62.36268286920198  0 0 0  5.403305201513786e-05   -9.083336695964657e-06  
111 62.36268286920198  0 0 0  -9.00573326116201e-05   -3.08967451955807e-05  
112 62.36268286920198  0 0 0  1.256796548744127e-05   -0.000546793574509039  
113 62.36268286920198  0 0 0  0.0407568064352113   -0.01404814155631209  
114 62.36268286920198  0 0 0  -0.01302317649251832   -0.02482875968354736  
115 62.36268286920198  0 0 0  -0.01798277049145557   -0.04481315728967179  
116 62.36268286920198  0 0 0  -0.01677094785869644   0.01605799825064362  
117 62.36268286920198  0 0 0  -0.003795188982174122   0.02225281234399569  
118 62.36268286920198  0 0 0  -0.01706528255605145   0.006155512204048945  
119 62.36268286920198  0 0 0  -0.008829511321732035   0.01521698335409422  
120 62.36268286920198  0 0 0  -0.01112653175498902   -0.005628207423689036  
121 62.36268286920198  0 0 0  -0.01480970826209541   0.00883263952340999  
122 62.36268286920198  0 0 0  0.0004392294190865908   0.0001440017077278773  
123 62.36268286920198  0 0 0  -0.0003052199708652191   -0.00020154646335491  
124 62.36268286920198  0 0 0  0.0003214023210798888   0.0001521057141814542  
125 62.36268286920198  0 0 0  -0.0007496637186435243   0.0004469452099602065  
126 62.36268286920198  0 0 0  0.0003161907570707774   0.0008730016143744145  
127 62.36268286920198  0 0 0  -0.0003523191974083209   -0.0008056282599938602  
128 62.36268286920198  0 0 0  -1.362543025355033e-05   7.922013913900607e-05  
129 62.36268286920198  0 0 0  -0.0002088514398369925   -0.0001947237679911613  
130 62.36268286920198  0 0 0  4.647863284054565e-05   -0.0001687932829470386  
131 62.36268286920198  0 0 0  0.0006623002945416598   0.00050376614515767  
132 62.36268286920198  0 0 0  0.0001062798026671787   9.035638575148616e-05  
133 62.36268286920198  0 0 0  -3.02285918549121e-05   -7.343074255862595e-05  
134 62.36268286920198  0 0 0  6.33599751378e-07   -9.289022922280704e-05  
135 62.36268286920198  0 0 0  0.000199001290186646   -0.0002256177176474818  
136 62.36268286920198  0 0 0  -0.0001456713094591824   0.0004142712780620373  
137 62.36268286920198  0 0 0  0.004759679416743118   0.0003068791435068537  
138 62.36268286920198  0 0 0  -0.005515632783182884   -0.004107804646388912  
139 62.36268286920198  0 0 0  0.08704924126617067   0.02252192865198675  
140 62.36268286920198  0 0 0  0.007554204051464767   0.07367954060569523  
141 62.36268286920198  0 0 0  0.05633051231118674   -0.04205163573113806  
142 62.36268286920198  0 0 0  -0.004269736537406368   -0.005916165620734379  
143 62.36268286920198  0 0 0  0.003464834223427478   0.003184582036326071  
144 62.36268286920198  0 0 0  -0.0006636895543061205   -0.00134490726724935  
145 62.36268286920198  0 0 0  0.02692831378461545   0.02819216149594844  
146 62.36268286920198  0 0 0  -0.01545826877189816   0.03209058725104076  
147 62.36268286920198  0 0 0  0.08570547819959488   0.01431704599580396  
148 62.36268286920198  0 0 0  -0.06714180417923095   0.002854019469232741  
149 62.36268286920198  0 0 0  0.07781207498481105   0.03120439716664683  
150 62.36268286920198  0 0 0  -9.662904541150081e-06   -0.0001086564520007685  
151 62.36268286920198  0 0 0  0.0002955718632011125   -0.0005729650141482349  
152 62.36268286920198  0 0 0  -0.0006480676629150028   -0.0008416991265526252  
153 62.36268286920198  0 0 0  -0.0005669753240753078   -0.000266991126982053  
154 62.36268286920198  0 0 0  -0.0004722876035239234   0.0004239302463156589  
155 62.36268286920198  0 0 0  0.01630474766463645   0.0374910538062829  
156 62.36268286920198  0 0 0  0.002350824562410507   -0.0008661040251846447  
157 62.36268286920198  0 0 0  0.0004802093259523712   -0.001037605708009974  
158 62.36268286920198  0 0 0  0.02049390809558753   -0.02633276593746104  
159 62.36268286920198  0 0 0  0.0002500236980852885   0.0001206892186979629  
160 62.36268286920198  0 0 0  0.0234934195562021   0.02783347915736199  
161 62.36268286920198  0 0 0  0.0003665397007911608   2.273635235187394e-05  
162 62.36268286920198  0 0 0  0.007592696962798631   0.007401286935373764  
163 62.36268286920198  0 0 0  0.004236593122028079   -0.002447078150908658  
164 62.36268286920198  0 0 0  0.001845315079845907   -0.004579221961524345  
165 62.36268286920198  0 0 0  -0.005136997169944518   0.001564192573022117  
166 62.36268286920198  0 0 0  4.866282423148106e-05   -0.007529666299933901  
167 62.36268286920198  0 0 0  0.00482625764166843   -0.009171049532407346  
168 62.36268286920198  0 0 0  0.006928621244150144   0.01141072922195593  
169 62.36268286920198  0 0 0  -0.00953818396814495   0.005600561428963944  
170 62.36268286920198  0 0 0  0.01109937827770554   -0.003035217953568436  
171 62.36268286920198  0 0 0  0.0001332373593408696   1.782730305250642e-05  
172 62.36268286920198  0 0 0  -2.375880336082568e-05   0.0001085285231873476  
173 62.36268286920198  0 0 0  1.958140637786592e-05   0.0001153492124555387  
174 62.36268286920198  0 0 0  2.753004677768237e-06   -6.766865434819034e-05  
175 62.36268286920198  0 0 0  -2.376463166338327e-05   -1.551972587606496e-05  
176 62.36268286920198  0 0 0  -1.84328188429636e-05   -3.744598062995807e-05  
177 62.36268286920198  0 0 0  0.03484273813877729   -0.07148184713795482  
178 62.36268286920198  0 0 0  0.02979921179828865   0.03754262639713263  
179 62.36268286920198  0 0 0  -0.03883147188599905   -0.008004286248561112  
180 62.36268286920198  0 0 0  0.01111579869466977   0.01864773257533366  
181 62.36268286920198  0 0 0  -0.01248990011792729   -0.01209858035146004  
182 62.36268286920198  0 0 0  0.07395833890446306   0.02738562347605959  
183 62.36268286920198  0 0 0  0.01843300773744188   0.08980944759976403  
184 62.36268286920198  0 0 0  0.06799267302339222   -0.03688892770184424  
185 62.36268286920198  0 0 0  -0.003151423592012467   0.001074030839158552  
186 62.36268286920198  0 0 0  -9.189409529727316e-05   0.0008300826054510264  
187 62.36268286920198  0 0 0  -0.0001343763105363196   -0.0008822950464492936  
188 62.36268286920198  0 0 0  0.001031044334120618   -0.0001986577788296133  
189 62.36268286920198  0 0 0  6.203256986600144e-05   -8.069557768745804e-05  
190 62.36268286920198  0 0 0  -0.0002685179866410996   0.0002997487412799435  
191 62.36268286920198  0 0 0  -6.972599476867043e-05   -1.44400405329313e-05  
192 62.36268286920198  0 0 0  0.01115646009631237   0.01484458575591573  
193 62.36268286920198  0 0 0  0.01030333998433581   -0.01789259818959073  
194 62.36268286920198  0 0 0  -0.01514237388630257   -0.007271260125739031  
195 62.36268286920198  0 0 0  -0.007538377951483709   -0.002011098512611424  
196 62.36268286920198  0 0 0  -0.005945632583163846   -0.001532802841641132  
197 62.36268286920198  0 0 0  0.006646593078123555   0.003822049412890208  
198 62.36268286920198  0 0 0  -0.002406753906937212   -0.002254276499065754  
199 62.36268286920198  0 0 0  -0.00067138981405399   0.002876153403091386  
200 62.36268286920198  0 0 0  0.0008257074929682287   0.002395841292396329  
201 62.36268286920198  0 0 0  -0.6808072540087599   -1.453655835778675  
202 62.36268286920198  0 0 0  0.9599435218792107   -1.079155914475393  
203 62.36268286920198  0 0 0  0.0003413799733562278   -0.001192961277488469  
204 62.36268286920198  0 0 0  -0.0005578976408672663   0.0006690980330331719  
205 62.36268286920198  0 0 0  0.000495851141649892   0.0007248015314925914  
206 62.36268286920198  0 0 0  -0.1258033856940145   -1.084693604966825  
207 62.36268286920198  0 0 0  0.003216003720543305   0.003449343122955845  
208 62.36268286920198  0 0 0  -0.05801429631971087   0.9486986223315285  
209 62.36268286920198  0 0 0  -0.001058907509548829   0.0002393035756957977  
210 62.36268286920198  0 0 0  0.0002672108206765276   -0.0006087153741944718  
211 62.36268286920198  0 0 0  -1.195819577460474   -1.368601899186766  
212 62.36268286920198  0 0 0  -0.0001480682182149889   0.0001783540532130167  
213 62.36268286920198  0 0 0  0.01139298365732161   0.02249098480434915  
214 62.36268286920198  0 0 0  0.005831921571919621   0.01959029048499414  
215 62.36268286920198  0 0 0  0.05722432983322385   0.2559366436994671  
216 62.36268286920198  0 0 0  -0.002623303313198785   -0.02393365974237927  
217 62.36268286920198  0 0 0  0.06936805886857654   -0.05085680453358293  
218 62.36268286920198  0 0 0  -0.04001107733144474   -0.01098714037457776  
219 62.36268286920198  0 0 0  -0.01541913819641041   -0.09151364127882138  
220 62.36268286920198  0 0 0  0.0004777407648006548   0.006460576910437583  
221 62.36268286920198  0 0 0  -0.2946861801287189   -0.05732152865857887  
222 62.36268286920198  0 0 0  0.02620959467402766   0.009014040205324442  
223 62.36268286920198  0 0 0  -0.08920551978626849   0.07483637677089308  
224 62.36268286920198  0 0 0  0.01411245752945683   -0.009102924534813272  
225 62.36268286920198  0 0 0  0.03335291325349619   -0.03069547633184027  
226 62.36268286920198  0 0 0  0.001981574535169377   -0.001306537138385622  
227 62.36268286920198  0 0 0  -0.001070251950882185   0.0006147332177376157  
228 62.36268286920198  0 0 0  -0.0001858267793885816   -0.0003913394195105999  
229 62.36268286920198  0 0 0  -0.0001697559245904192   0.0001026220176327917  
230 62.36268286920198  0 0 0  -0.0002665270565588805   0.002153341523310819  
231 62.36268286920198  0 0 0  -0.001209100837955875   -0.0008053541051515106  
232 62.36268286920198  0 0 0  -6.31142163262209e-05   -0.0007972202181641188  
233 62.36268286920198  0 0 0  -0.05275818526334339   0.07271020605688878  
234 62.36268286920198  0 0 0  0.04040989921349205   0.07754251517752467  
235 62.36268286920198  0 0 0  -0.01257667859122303   -0.06627534864137144  
236 62.36268286920198  0 0 0  0.006279030207032945   -0.004485790344974393  
237 62.36268286920198  0 0 0  -0.0009878800170531293   -0.008823844363721247  
238 62.36268286920198  0 0 0  -0.000954613397199329   -0.005066210241642226  
239 62.36268286920198  0 0 0  -0.00165012128636991   -0.001360497410663621  
240 62.36268286920198  0 0 0  -0.0004793715932477721   0.003806029872724093  
241 62.36268286920198  0 0 0  0.001011848506255216   -0.001532096441389427  
242 62.36268286920198  0 0 0  -0.0003686378504539329   0.000246902188867582  
243 62.36268286920198  0 0 0  0.0005368854952678145   -0.001966607810652395  
244 62.36268286920198  0 0 0  -0.001916433987701901   -0.0007367274816173473  
245 62.36268286920198  0 0 0  0.0004387257255936673   0.0005585402075048317  
246 62.36268286920198  0 0 0  -0.002235563226546126   -0.0005319691428998741  
247 62.36268286920198  0 0 0  -0.001306895748062568   0.003203338585517367  
248 62.36268286920198  0 0 0  -0.0001810227585035674   0.005745313898688558  
249 62.36268286920198  0 0 0  -0.003657843589214002   0.001715594186620232  
250 62.36268286920198  0 0 0  0.003871872285328491   0.001990829126573489  
251 62.36268286920198  0 0 0  0.134809762149655   0.3027186640572566  
252 62.36268286920198  0 0 0  -0.1836107001721191   -0.04000118602603286  
253 62.36268286920198  0 0 0  0.07492041470826075   0.3065246951110973  
254 62.36268286920198  0 0 0  0.03227656525314165   -0.0399123068311195  
255 62.36268286920198  0 0 0  -0.03123316869942756   -0.005195025144043235  
256 62.36268286920198  0 0 0  0.02627135748805112   0.02615938736782044  
257 62.36268286920198  0 0 0  0.002573071186707295   -0.01649668596149259  
258 62.36268286920198  0 0 0  0.01282444638892023   -0.01139011139863449  
259 62.36268286920198  0 0 0  0.0001823193509468274   -3.476426533612887e-05  
260 62.36268286920198  0 0 0  0.0005227445580412445   -0.0002773923994596032  
261 62.36268286920198  0 0 0  0.0003639064291658914   0.0008254849981557232  
262 62.36268286920198  0 0 0  0.004396704430515447   0.003903816998916246  
263 62.36268286920198  0 0 0  0.0002864980488047801   -0.00243697678829673  
264 62.36268286920198  0 0 0  -0.001811169779249561   0.0002359962347345309  
265 62.36268286920198  0 0 0  0.004744787445622877   0.004595816885910941  
266 62.36268286920198  0 0 0  -0.001798679732201103   0.0008199876553380924  
267 62.36268286920198  0 0 0  0.002578143720229926   -0.004931851446460807  
268 62.36268286920198  0 0 0  -0.001165365434320408   -0.0039913746282986  
269 62.36268286920198  0 0 0  0.001844338211364938   -0.0004903141194424486  
270 62.36268286920198  0 0 0  -0.0003069301818985424   0.001036747000125457  
271 62.36268286920198  0 0 0  -0.002941936557873604   -0.0005265748921125615  
272 62.36268286920198  0 0 0  0.0001146985584132002   2.267807323042161e-05  
273 62.36268286920198  0 0 0  -9.464797901094638e-05   -7.816514363761786e-06  
274 62.36268286920198  0 0 0  -0.0003080357642663892   -0.0002486153211676601  
275 62.36268286920198  0 0 0  -0.1219390976225066   -0.785531290583556  
276 62.36268286920198  0 0 0  0.011747493297421   0.02860310634781625  
277 62.36268286920198  0 0 0  0.02395004328601685   0.01877525589651645  
278 62.36268286920198  0 0 0  0.02622145101455495   0.01048033119456951  
279 62.36268286920198  0 0 0  0.0003569384457104355   0.003839132172637194  
280 62.36268286920198  0 0 0  -0.01785558306939437   0.003865393174384019  
281 62.36268286920198  0 0 0  0.005425158570782514   -0.003702488768622908  
282 62.36268286920198  0 0 0  0.0398205058538471   0.03128382324376067  
283 62.36268286920198  0 0 0  -0.02709590715616931   -0.06662684948134726  
284 62.36268286920198  0 0 0  -0.01638359562774004   0.06584360110444448  
285 62.36268286920198  0 0 0  -0.01077035275818906   5.328684559093941e-05  
286 62.36268286920198  0 0 0  0.003791964057061955   0.007603087208132089  
287 62.36268286920198  0 0 0  -0.004895676863171479   -0.01190921259898497  
288 62.36268286920198  0 0 0  -0.07566910617939161   -0.7099985364017419  
289 62.36268286920198  0 0 0  0.6200458744586453   0.2571350577164704  
290 62.36268286920198  0 0 0  -0.0002619413930287128   9.688293754581778e-05  
291 62.36268286920198  0 0 0  4.028318393541256e-05   -0.0005841843436289021  
292 62.36268286920198  0 0 0  0.0005904830155694078   1.116889480836875e-05  
293 62.36268286920198  0 0 0  -6.167734064132934e-05   -0.0001651957623761857  
294 62.36268286920198  0 0 0  2.800127270634219e-05   8.392531695952427e-06  
295 62.36268286920198  0 0 0  0.0001133113285953251   0.0001262850388947479  
296 62.36268286920198  0 0 0  0.0006189700509206657   0.0008036725399666647  
297 62.36268286920198  0 0 0  0.01240784620897358   -0.0198859113242382  
298 62.36268286920198  0 0 0  0.02226921521997399   -0.01881588502139022  
299 62.36268286920198  0 0 0  -0.004625742785254847   -0.02338561377248552  
300 62.36268286920198  0 0 0  -0.007554973320302993   -0.0007146802663743103  
301 62.36268286920198  0 0 0  0.003035998506207191   0.005040195129250781  
302 62.36268286920198  0 0 0  0.021284205769931   -0.03570015774823951  
303 62.36268286920198  0 0 0  -0.003188852213429432   -0.03369790119654644  
304 62.36268286920198  0 0 0  -0.0002110588411445559   -0.0001563369045339585  
305 62.36268286920198  0 0 0  -0.0002100016727546236   -0.0003390590687045569  
306 62.36268286920198  0 0 0  -0.03910796560712917   0.06396110625959055  
307 62.36268286920198  0 0 0  0.04598478277765632   0.06836598353203345  
308 62.36268286920198  0 0 0  -6.124127078795427e-06   -0.0004269233806409867  
309 62.36268286920198  0 0 0  0.0004340472094822895   0.0005656482791270798  
310 62.36268286920198  0 0 0  0.004234856800533216   -0.003769576644915375  
311 62.36268286920198  0 0 0  -0.05010304136066432   -0.1173382233942508  
312 62.36268286920198  0 0 0  0.07448005892995505   -0.02186283142168855  
313 62.36268286920198  0 0 0  0.1249565117248725   0.04401945220757898  
314 62.36268286920198  0 0 0  0.005051615352467254   0.01011258596736768  
315 62.36268286920198  0 0 0  -0.005678248394094018   -0.006876619884874307  
316 62.36268286920198  0 0 0  0.008560340936966141   -0.0003047595145061596  
317 62.36268286920198  0 0 0  0.005264573604886963   0.0007724115298273878  
318 62.36268286920198  0 0 0  0.001336845052482976   -0.01143797100314336  
319 62.36268286920198  0 0 0  0.004986048610884807   -0.02077872899867577  
320 62.36268286920198  0 0 0  0.02016244391372408   0.003623090364390278  
321 62.36268286920198  0 0 0  0.01939396503819988   -0.004541353898298872  
322 62.36268286920198  0 0 0  -0.001243886427981124   0.001328224206274401  
323 62.36268286920198  0 0 0  -0.001458944785828798   -0.006034865509205091  
324 62.36268286920198  0 0 0  0.002022294870770951   0.0006411116514989451  
325 62.36268286920198  0 0 0  0.006075435247545244   -0.0001667665650524674  
326 62.36268286920198  0 0 0  0.004959761602658663   -0.001912224878235157  
327 62.36268286920198  0 0 0  -0.001638513348852168   -0.00278771071410289  
328 62.36268286920198  0 0 0  0.003160422993122058   -0.002426322163336105  
329 62.36268286920198  0 0 0  0.005231573493235783   0.004204029239924763  
330 62.36268286920198  0 0 0  -0.009421661058636644   0.03679066222563436  
331 62.36268286920198  0 0 0  -0.003799332773952644   -0.007073515422022868  
332 62.36268286920198  0 0 0  0.02768897531403392   -0.05440630244716572  
333 62.36268286920198  0 0 0  0.02456721734733596   -0.02289057265991598  
334 62.36268286920198  0 0 0  -0.02099092444073944   0.02713951099246728  
335 62.36268286920198  0 0 0  0.001621779626477012   0.0005732513182208941  
336 62.36268286920198  0 0 0  -0.001329641371913014   0.0003978646297173073  
337 62.36268286920198  0 0 0  -8.087002088611646e-05   -0.001200452422420016  
338 62.36268286920198  0 0 0  0.0007682255774326705   0.0012314189756107  
339 62.36268286920198  0 0 0  -1.133975540885564e-07   -0.001766934719564709  
340 62.36268286920198  0 0 0  0.001396914753880867   0.001341171318521127  
341 62.36268286920198  0 0 0  -0.008913468757528974   -0.03833445441644571  
342 62.36268286920198  0 0 0  -0.04537356358543639   0.01138362575864747  
343 62.36268286920198  0 0 0  -0.04396346676368404   0.03552458195400873  
344 62.36268286920198  0 0 0  0.02066889567757209   0.06352303976006998  
345 62.36268286920198  0 0 0  0.03086168210871007   0.04878908490400426  
346 62.36268286920198  0 0 0  0.0007276547866801106   0.002038706127678175  
347 62.36268286920198  0 0 0  0.001499923495120431   -0.001269234700665628  
348 62.36268286920198  0 0 0  -0.003230033631851644   0.001296555575455584  
349 62.36268286920198  0 0 0  -0.004730459436073095   -0.003002462417672924  
