0 62.36268286920198  0 0 0  -9.188787233100777   21.27971606703861  
1 62.36268286920198  0 0 0  -2.108617334668776   -17.24935096630387  
2 62.36268286920198  0 0 0  -9.716672238424806   -24.717207782669  
3 62.36268286920198  0 0 0  20.38337082425361   15.12111844402022  
4 62.36268286920198  0 0 0  0.5283742295998856   -26.01849188650312  
5 62.36268286920198  0 0 0  9.31661667070578   26.66683390369602  
6 62.36268286920198  0 0 0  27.84494178427536   -6.809735675543225  
7 62.36268286920198  0 0 0  27.04585109378389   -5.047513096564584  
8 62.36268286920198  0 0 0  -3.258201887976988   -14.16892746350252  
9 62.36268286920198  0 0 0  1.801371881056241   21.83955188577202  
10 62.36268286920198  0 0 0  18.6659034959004   -1.799036417036365  
11 62.36268286920198  0 0 0  1.352696680543441   -16.40830888058485  
12 62.36268286920198  0 0 0  2.514851194905926   22.06307378765428  
13 62.36268286920198  0 0 0  1.562168708494568   17.03909247576033  
14 62.36268286920198  0 0 0  -21.61926291360223   -11.45128366326999  
15 62.36268286920198  0 0 0  20.42163965908825   -1.41768500903686  
16 62.36268286920198  0 0 0  -16.1179068561339   -14.54417511273497  
17 62.36268286920198  0 0 0  19.97829984165761   -5.49818394876937  
18 62.36268286920198  0 0 0  20.43306106056162   4.062226151679798  
19 62.36268286920198  0 0 0  18.3887561465375   4.232790342815207  
20 62.36268286920198  0 0 0  -10.59331802227964   -8.838151155073151  
21 62.36268286920198  0 0 0  -1.068561959030583   15.5106418359884  
22 62.36268286920198  0 0 0  18.78082403215241   0.9710525727811742  
23 62.36268286920198  0 0 0  -21.11288565464192   1.532086977926745  
24 62.36268286920198  0 0 0  -13.7778635725817   -12.33018947203941  
25 62.36268286920198  0 0 0  17.74878631102369   9.628027274638649  
26 62.36268286920198  0 0 0  0.684472296391913   -20.09154089074959  
27 62.36268286920198  0 0 0  18.21469775927633   11.40534045973476  
28 62.36268286920198  0 0 0  -4.882684410242703   16.59757351537555  
29 62.36268286920198  0 0 0  -26.4660758664334   6.925421193192029  
30 62.36268286920198  0 0 0  14.45474726182949   -21.16668267052038  
31 62.36268286920198  0 0 0  -14.12523403850379   21.07500039749752  
32 62.36268286920198  0 0 0  13.69991010868544   -8.485474588550296  
33 62.36268286920198  0 0 0  7.458986614038105   16.02355407475945  
34 62.36268286920198  0 0 0  -15.72428256380704   -1.61142835268994  
35 62.36268286920198  0 0 0  5.926000965139438   -6.762745336296728  
36 62.36268286920198  0 0 0  2.050082699217235   9.517476913016392  
37 62.36268286920198  0 0 0  4.845908886701529   7.081079227815046  
38 62.36268286920198  0 0 0  -17.38613314356971   -1.586839333191875  
39 62.36268286920198  0 0 0  3.045709311822162   14.19303657245301  
40 62.36268286920198  0 0 0  1.787673602060961   17.35097704533126  
41 62.36268286920198  0 0 0  12.88874852377741   -24.56863970603081  
42 62.36268286920198  0 0 0  12.62686239887473   -24.56370042485912  
43 62.36268286920198  0 0 0  20.46962002243733   10.40603869617867  
44 62.36268286920198  0 0 0  -12.8566308702717   4.127718021431058  
45 62.36268286920198  0 0 0  -6.590697521026175   7.102332779662866  
46 62.36268286920198  0 0 0  -16.59030267743879   -6.242305704513821  
47 62.36268286920198  0 0 0  3.022320012189537   -14.25785398401804  
48 62.36268286920198  0 0 0  -17.58269770390235   1.745236749697929  
49 62.36268286920198  0 0 0  -15.62363462150469   -8.930822550030621  
50 62.36268286920198  0 0 0  15.99085089961526   5.191599520110109  
51 62.36268286920198  0 0 0  11.26962186242653   2.905444741718227  
52 62.36268286920198  0 0 0  13.4318199217571   -0.9534955624202933  
53 62.36268286920198  0 0 0  -0.4033081347814704   -1.000741370015812  
54 62.36268286920198  0 0 0  -0.6333984969695956   0.6996810115302232  
55 62.36268286920198  0 0 0  0.4453886788233474   0.7813585683632341  
56 62.36268286920198  0 0 0  -11.0449999750448   -16.54915003890593  
57 62.36268286920198  0 0 0  12.6182681281527   -19.26186981930841  
58 62.36268286920198  0 0 0  15.23859285482821   -12.01265148571691  
59 62.36268286920198  0 0 0  2.572672664248519   -16.54725323207452  
60 62.36268286920198  0 0 0  -13.6403552366684   -12.13251261951316  
61 62.36268286920198  0 0 0  12.78797067972092   12.58422350512358  
62 62.36268286920198  0 0 0  16.69452942611982   -14.51611114122214  
63 62.36268286920198  0 0 0  20.64410509027638   -9.767846183179195  
64 62.36268286920198  0 0 0  24.25639074004177   -14.33200941857782  
65 62.36268286920198  0 0 0  6.435044603972477   19.95091323985003  
66 62.36268286920198  0 0 0  -2.559798447025325   -12.17163507809891  
67 62.36268286920198  0 0 0  -12.25928016834765   2.799688488584521  
68 62.36268286920198  0 0 0  10.06114632412466   -17.16496260651398  
69 62.36268286920198  0 0 0  -22.24277225533519   2.548000126391592  
70 62.36268286920198  0 0 0  -20.64282234967417   6.99950514983855  
71 62.36268286920198  0 0 0  2.515372620678191   12.18116658100825  
72 62.36268286920198  0 0 0  -6.282855338644348   10.31113503213763  
73 62.36268286920198  0 0 0  9.999472832325276   8.558858248920526  
74 62.36268286920198  0 0 0  1.346306059560875   18.5084617697636  
75 62.36268286920198  0 0 0  9.686811670295224   -18.35311794413089  
76 62.36268286920198  0 0 0  3.19921114942044   -17.89603962297432  
77 62.36268286920198  0 0 0  -22.02682872778845   -2.122132219454555  
78 62.36268286920198  0 0 0  -22.56386364915124   7.37888481195534  
79 62.36268286920198  0 0 0  -15.05531888042225   -12.04622606620911  
80 62.36268286920198  0 0 0  6.96817584748278   17.33026120176459  
81 62.36268286920198  0 0 0  14.73889601476053   16.14952713742095  
82 62.36268286920198  0 0 0  -1.788826655487285   14.53102979971212  
83 62.36268286920198  0 0 0  5.565572256180328   -19.16927337861377  
84 62.36268286920198  0 0 0  15.89563433049263   10.02649561398483  
85 62.36268286920198  0 0 0  18.90277570928092   12.28211244834076  
86 62.36268286920198  0 0 0  -6.804725764235229   5.182689790272377  
87 62.36268286920198  0 0 0  -10.77833889574215   0.5157655468172769  
88 62.36268286920198  0 0 0  -0.5875271608483342   10.62712198054026  
89 62.36268286920198  0 0 0  11.35070172486467   5.39687458679399  
90 62.36268286920198  0 0 0  -12.50901953822045   3.697995675811327  
91 62.36268286920198  0 0 0  4.028217809876405   12.38908514225441  
92 62.36268286920198  0 0 0  -10.46952443017471   5.068702962874822  
93 62.36268286920198  0 0 0  14.71408037526932   -4.499479447331088  
94 62.36268286920198  0 0 0  -10.86480251173536   -8.721098789907396  
95 62.36268286920198  0 0 0  -11.35883637425317   4.883063745016691  
96 62.36268286920198  0 0 0  -12.02185929444983   3.264385974965158  
97 62.36268286920198  0 0 0  9.212688053925321   13.17770610226121  
98 62.36268286920198  0 0 0  -17.80990607586013   8.912476823777157  
99 62.36268286920198  0 0 0  -11.76190093199966   -17.76211487649088  
100 62.36268286920198  0 0 0  22.69579570498655   8.000456916774182  
101 62.36268286920198  0 0 0  -8.776285397331455   12.84838807681132  
102 62.36268286920198  0 0 0  15.86361650545714   9.736574022009842  
103 62.36268286920198  0 0 0  8.903416416690334   -11.18554055797149  
104 62.36268286920198  0 0 0  11.32467935372558   -22.0514372104776  
105 62.36268286920198  0 0 0  5.160444073811433   18.23062956532094  
106 62.36268286920198  0 0 0  19.53224303287813   5.044474000010972  
107 62.36268286920198  0 0 0  14.35734210712427   -3.021086540726675  
108 62.36268286920198  0 0 0  -11.23958771758637   0.2574996524276515  
109 62.36268286920198  0 0 0  13.16873742549726   13.21626341186179  
110 62.36268286920198  0 0 0  9.058928348681047   14.26909811530859  
111 62.36268286920198  0 0 0  -8.909948408796385   -16.55095662055955  
112 62.36268286920198  0 0 0  26.53043044785777   -3.03255681095554  
113 62.36268286920198  0 0 0  17.82264508384781   7.217612579302554  
114 62.36268286920198  0 0 0  2.695319702933382   -11.931656548622  
115 62.36268286920198  0 0 0  6.753981667839458   -19.22507011445239  
116 62.36268286920198  0 0 0  -11.20700681930373   -19.83786788019581  
117 62.36268286920198  0 0 0  -19.58441540131466   -8.934242665175482  
118 62.36268286920198  0 0 0  -1.447216446482666   -17.08727127575483  
119 62.36268286920198  0 0 0  -16.357354588649   0.959438078906477  
120 62.36268286920198  0 0 0  -1.461340370889832   -11.55194058064781  
121 62.36268286920198  0 0 0  -14.41732217027227   -7.036330967955315  
122 62.36268286920198  0 0 0  2.207350936873822   14.88658579601105  
123 62.36268286920198  0 0 0  0.7600822064824772   -10.39504745508007  
124 62.36268286920198  0 0 0  -2.87344035338302   10.56879751844442  
125 62.36268286920198  0 0 0  -8.591444901653386   -12.10622434505139  
126 62.36268286920198  0 0 0  -15.2936540737451   2.938157027211924  
127 62.36268286920198  0 0 0  14.41812381686445   -3.935334098067222  
128 62.36268286920198  0 0 0  9.090847428137044   8.820006477231326  
129 62.36268286920198  0 0 0  -13.04896064217676   3.009387027680883  
130 62.36268286920198  0 0 0  -4.277353540937303   -16.74337823524781  
131 62.36268286920198  0 0 0  19.10811634538837   -7.104314785768842  
132 62.36268286920198  0 0 0  13.08153910591916   9.313520923820329  
133 62.36268286920198  0 0 0  11.07986265144657   -16.10178450642539  
134 62.36268286920198  0 0 0  19.21834621942867   -12.32490974089177  
135 62.36268286920198  0 0 0  1.469094393680127   -14.95331871203616  
136 62.36268286920198  0 0 0  -15.68496144379689   2.100826072139689  
137 62.36268286920198  0 0 0  -15.91983984326385   3.322840061242092  
138 62.36268286920198  0 0 0  15.24254365270401   -0.2972491098778723  
139 62.36268286920198  0 0 0  13.90498932057656   -8.078495594045439  
140 62.36268286920198  0 0 0  10.3889132561172   8.752537137285858  
141 62.36268286920198  0 0 0  2.151347491093119   -12.34220614834856  
142 62.36268286920198  0 0 0  18.90004393443482   3.234298739018913  
143 62.36268286920198  0 0 0  -19.70403107900034   -8.082290962148139  
144 62.36268286920198  0 0 0  -21.61460595400654   0.5111491958266291  
145 62.36268286920198  0 0 0  -20.3809185382369   14.50772500663067  
146 62.36268286920198  0 0 0  -20.14857309382436   -13.74189685203711  
147 62.36268286920198  0 0 0  7.567909307491445   12.75491309319956  
148 62.36268286920198  0 0 0  -8.112092845288945   -8.446975353102005  
149 62.36268286920198  0 0 0  4.828800556574191   13.44419449575119  
150 62.36268286920198  0 0 0  -8.426280277491159   -6.997617279649065  
151 62.36268286920198  0 0 0  -4.631797831472642   13.31123865074236  
152 62.36268286920198  0 0 0  12.00390344453946   -6.029936337194274  
153 62.36268286920198  0 0 0  10.49441073970884   -10.59452310220064  
154 62.36268286920198  0 0 0  11.45497454783868   -11.89146941168675  
155 62.36268286920198  0 0 0  -19.26006801474728   -6.324414702743743  
156 62.36268286920198  0 0 0  -15.04610626608213   14.96849887041694  
157 62.36268286920198  0 0 0  0.4968741850207445   15.62534708481407  
158 62.36268286920198  0 0 0  2.248364903520216   16.18172498508744  
159 62.36268286920198  0 0 0  12.67237730038121   1.010049077772849  
160 62.36268286920198  0 0 0  -18.37780779774018   -1.031244542381194  
161 62.36268286920198  0 0 0  17.01128579944274   -4.942440614290479  
162 62.36268286920198  0 0 0  -17.13996686598706   7.840135095202695  
163 62.36268286920198  0 0 0  28.97077875546293   4.86790003921056  
164 62.36268286920198  0 0 0  25.89082926561711   -14.05663656891602  
165 62.36268286920198  0 0 0  -29.48770962238958   -12.28652133937844  
166 62.36268286920198  0 0 0  14.48698270776307   6.470652852180801  
167 62.36268286920198  0 0 0  9.10061408065884   15.21907626637997  
168 62.36268286920198  0 0 0  -3.169444945256563   12.73692846477548  
169 62.36268286920198  0 0 0  -10.4299642678915   -2.872256312808561  
170 62.36268286920198  0 0 0  9.581151597948368   5.681581730084897  
171 62.36268286920198  0 0 0  -0.5037926402013779   10.17348586641275  
172 62.36268286920198  0 0 0  -9.979948311175093   -1.588818568876647  
173 62.36268286920198  0 0 0  -8.826193164453571   6.423406354023439  
174 62.36268286920198  0 0 0  -6.698557526206034   -8.215480114983148  
175 62.36268286920198  0 0 0  -6.997508661501149   -8.461579710302093  
176 62.36268286920198  0 0 0  -9.786389740518612   -6.732989768951795  
177 62.36268286920198  0 0 0  -2.578829445985563   -18.6583925039222  
178 62.36268286920198  0 0 0  10.46975456030429   3.375005619936154  
179 62.36268286920198  0 0 0  -8.458588251039277   3.728108793586897  
180 62.36268286920198  0 0 0  -17.13846396922573   19.02283781925292  
181 62.36268286920198  0 0 0  7.900085618229745   -17.98069647253767  
182 62.36268286920198  0 0 0  -2.185242232152755   11.76929828451424  
183 62.36268286920198  0 0 0  -13.35677281355927   6.867375886107133  
184 62.36268286920198  0 0 0  8.359952343528446   8.928196391053742  
185 62.36268286920198  0 0 0  -6.454521290802459   -34.32396037820591  
186 62.36268286920198  0 0 0  -15.94303488459346   0.1404532095880819  
187 62.36268286920198  0 0 0  13.37472242477575   -5.779488611384496  
188 62.36268286920198  0 0 0  8.506133682807052   18.26227433779175  
189 62.36268286920198  0 0 0  12.16281689007125   10.90772486571076  
190 62.36268286920198  0 0 0  -14.28473424603937   12.05989306791425  
191 62.36268286920198  0 0 0  1.964107978007805   -14.27275549572128  
192 62.36268286920198  0 0 0  -13.86953237155232   -15.15069511419669  
193 62.36268286920198  0 0 0  -10.46220242023225   19.29787408810122  
194 62.36268286920198  0 0 0  17.37468962573761   5.960484487991278  
195 62.36268286920198  0 0 0  -2.219970940061697   -19.8927489322526  
196 62.36268286920198  0 0 0  -0.8894036937601389   -17.0243327800863  
197 62.36268286920198  0 0 0  -2.771966558673452   20.0914420489609  
198 62.36268286920198  0 0 0  4.363564226721848   -18.91926149613646  
199 62.36268286920198  0 0 0  -21.9402591879352   2.016371411642642  
200 62.36268286920198  0 0 0  -14.41247901461593   11.42317735782579  
201 62.36268286920198  0 0 0  0.6496288752786512   -1.241362655355308  
202 62.36268286920198  0 0 0  1.232276178082882   0.1519098093059155  
203 62.36268286920198  0 0 0  19.26530974427638   3.769682047774404  
204 62.36268286920198  0 0 0  -17.61013080855961   -3.236698422243674  
205 62.36268286920198  0 0 0  1.639691346210396   16.73456590028362  
206 62.36268286920198  0 0 0  0.4151787188810314   -0.4237369645813681  
207 62.36268286920198  0 0 0  -10.34019580298517   31.63113746547173  
208 62.36268286920198  0 0 0  -0.9662132269847254   0.2142209494745419  
209 62.36268286920198  0 0 0  -12.28078620445875   9.749949475876157  
210 62.36268286920198  0 0 0  12.19998014703629   -12.85861184998737  
211 62.36268286920198  0 0 0  0.6992489195083106   -1.167594710984917  
212 62.36268286920198  0 0 0  21.3657391632429   6.396796850372775  
213 62.36268286920198  0 0 0  -6.828996179106028   9.290059302175951  
214 62.36268286920198  0 0 0  -6.76087490035516   6.706820288300509  
215 62.36268286920198  0 0 0  3.431010093298174   -14.75879069437414  
216 62.36268286920198  0 0 0  -7.98294664778801   -6.827935105882222  
217 62.36268286920198  0 0 0  3.361098195734484   7.558585589548642  
218 62.36268286920198  0 0 0  -14.74424538715667   0.6667177333918578  
219 62.36268286920198  0 0 0  8.47082135807524   -0.9711562749159044  
220 62.36268286920198  0 0 0  -1.712970326692676   12.25578357430766  
221 62.36268286920198  0 0 0  13.47308785136744   10.61725586391702  
222 62.36268286920198  0 0 0  4.965364241670779   7.704428327250882  
223 62.36268286920198  0 0 0  -4.423669456159526   -8.632447427654899  
224 62.36268286920198  0 0 0  7.70261480055584   1.990907792175582  
225 62.36268286920198  0 0 0  7.322177631349337   -15.54166768185922  
226 62.36268286920198  0 0 0  11.66735775880342   -2.864852270656284  
227 62.36268286920198  0 0 0  -3.534676393430139   15.87744495571668  
228 62.36268286920198  0 0 0  9.959655818015863   -11.15569242931123  
229 62.36268286920198  0 0 0  -16.05410558088919   3.711481407626507  
230 62.36268286920198  0 0 0  -19.03175616362789   -5.03446872710732  
231 62.36268286920198  0 0 0  -17.06932258334068   -9.443505189535834  
232 62.36268286920198  0 0 0  -5.315255651735913   -17.19718104024324  
233 62.36268286920198  0 0 0  18.56182012929194   1.153936532990227  
234 62.36268286920198  0 0 0  9.309414005749201   -15.76472428957135  
235 62.36268286920198  0 0 0  -10.04401838636571   9.620780017106849  
236 62.36268286920198  0 0 0  7.950344031777361   13.63438783979827  
237 62.36268286920198  0 0 0  14.90990123171376   -3.704622161552456  
238 62.36268286920198  0 0 0  11.4327318198926   1.528576207227128  
239 62.36268286920198  0 0 0  6.212899597916831   -9.925971445158153  
240 62.36268286920198  0 0 0  -15.25432336496005   3.850622426816507  
241 62.36268286920198  0 0 0  2.240013073687821   11.42206939951941  
242 62.36268286920198  0 0 0  0.572024351016465   11.98619586861981  
243 62.36268286920198  0 0 0  -6.330243075434989   13.28129798826387  
244 62.36268286920198  0 0 0  8.649289384123483   -4.911837941808541  
245 62.36268286920198  0 0 0  12.44255675932174   6.054443020299224  
246 62.36268286920198  0 0 0  -7.587073267629053   -10.05457069184573  
247 62.36268286920198  0 0 0  9.503659738002872   2.34249177492888  
248 62.36268286920198  0 0 0  -6.058041177115621   2.408596465982255  
249 62.36268286920198  0 0 0  -11.17757084891378   -6.220442094560908  
250 62.36268286920198  0 0 0  1.253649768847285   10.99568584197801  
251 62.36268286920198  0 0 0  -15.41971698337247   -0.08480674819645083  
252 62.36268286920198  0 0 0  5.186334172357022   -6.214326066263271  
253 62.36268286920198  0 0 0  -11.03819076239977   -4.926386445269038  
254 62.36268286920198  0 0 0  11.14080422183836   -21.03921366941395  
255 62.36268286920198  0 0 0  -14.6836675739297   0.292807614488916  
256 62.36268286920198  0 0 0  14.7510542551744   9.665129851887915  
257 62.36268286920198  0 0 0  15.47613354259012   -4.986402624127299  
258 62.36268286920198  0 0 0  15.45074656580047   6.683406734448416  
259 62.36268286920198  0 0 0  10.94818204418386   12.55020710905683  
260 62.36268286920198  0 0 0  16.52316457636057   -11.54541898190305  
261 62.36268286920198  0 0 0  5.205477865365067   21.34784869686463  
262 62.36268286920198  0 0 0  -21.9684913984264   12.85756093719034  
263 62.36268286920198  0 0 0  4.579682949622606   13.42389396091534  
264 62.36268286920198  0 0 0  11.44033899900379   -7.065274614415862  
265 62.36268286920198  0 0 0  4.000197601390433   9.473489113642017  
266 62.36268286920198  0 0 0  13.39531811920773   -1.32222762477764  
267 62.36268286920198  0 0 0  9.036531813428066   -2.943851691937268  
268 62.36268286920198  0 0 0  8.074150524034154   -9.066975407998004  
269 62.36268286920198  0 0 0  16.14351603168927   14.46365854879614  
270 62.36268286920198  0 0 0  -9.745727637207599   12.19760662635445  
271 62.36268286920198  0 0 0  -5.566761541770833   14.98619461975484  
272 62.36268286920198  0 0 0  -3.857479060769476   -4.606202766212403  
273 62.36268286920198  0 0 0  1.662889329468981   4.387085461760452  
274 62.36268286920198  0 0 0  -0.7149048988406713   -14.62319691965402  
275 62.36268286920198  0 0 0  -0.5791136290723304   0.2218758557880397  
276 62.36268286920198  0 0 0  -9.326859503983966   7.512262064295153  
277 62.36268286920198  0 0 0  -4.390981674213476   10.85885622806031  
278 62.36268286920198  0 0 0  -0.8608190958643679   11.01415222671992  
279 62.36268286920198  0 0 0  -11.13894109776358   0.3680731096624699  
280 62.36268286920198  0 0 0  -2.645250380251904   -13.78730684779622  
281 62.36268286920198  0 0 0  -12.28315181852074   -7.900686310258965  
282 62.36268286920198  0 0 0  5.188368757750562   -7.349493460897316  
283 62.36268286920198  0 0 0  -9.307305529127134   3.118748453395507  
284 62.36268286920198  0 0 0  9.142868831042017   2.178283887855696  
285 62.36268286920198  0 0 0  14.55877683662654   -5.654986246896025  
286 62.36268286920198  0 0 0  -8.263464032849221   -9.427750215720989  
287 62.36268286920198  0 0 0  9.044392880753731   11.94979125308382  
288 62.36268286920198  0 0 0  -0.461531308169467   -0.003766925287236462  
289 62.36268286920198  0 0 0  0.2615254907027248   -0.3046571740844249  
290 62.36268286920198  0 0 0  -1.773625710218817   -7.496612748636466  
291 62.36268286920198  0 0 0  5.248640132745329   6.880112741555621  
292 62.36268286920198  0 0 0  -8.488034083180249   7.91068837100299  
293 62.36268286920198  0 0 0  -11.86537113387573   -5.878318436695148  
294 62.36268286920198  0 0 0  -12.86554732051738   1.688975478115947  
295 62.36268286920198  0 0 0  9.646296495386604   -10.45070697017769  
296 62.36268286920198  0 0 0  6.275952333371483   22.01429688855069  
297 62.36268286920198  0 0 0  7.622759249570523   -11.93884245188805  
298 62.36268286920198  0 0 0  13.76327824706013   -10.2500104499503  
299 62.36268286920198  0 0 0  -3.018504168787837   -14.26661369869749  
300 62.36268286920198  0 0 0  -2.658520032501612   27.10372230266739  
301 62.36268286920198  0 0 0  22.50344548988062   -10.3010589315685  
302 62.36268286920198  0 0 0  18.14075473007782   6.645898435633659  
303 62.36268286920198  0 0 0  14.67302866892562   -4.323341340099608  
304 62.36268286920198  0 0 0  -27.27180973698727   -3.263265441846722  
305 62.36268286920198  0 0 0  7.077210773075267   9.37727878266827  
306 62.36268286920198  0 0 0  10.28214726525376   12.0847382883629  
307 62.36268286920198  0 0 0  17.42064638780907   -4.667828617459413  
308 62.36268286920198  0 0 0  16.51185118267407   1.055551611964251  
309 62.36268286920198  0 0 0  9.033592524265506   12.61866060904302  
310 62.36268286920198  0 0 0  4.419674780332291   16.96866722452995  
311 62.36268286920198  0 0 0  -2.454291435903241   11.96722454638735  
312 62.36268286920198  0 0 0  -6.699997644197899   -4.015009369222291  
313 62.36268286920198  0 0 0  -6.473289978417392   -10.83283319815879  
314 62.36268286920198  0 0 0  -8.520942492696408   0.2887266729784956  
315 62.36268286920198  0 0 0  7.653039287253018   -3.9484359645303  
316 62.36268286920198  0 0 0  -3.956475209903674   7.929130740867451  
317 62.36268286920198  0 0 0  -11.47747421091907   -9.309692731512298  
318 62.36268286920198  0 0 0  -12.00215949496841   5.479014668088021  
319 62.36268286920198  0 0 0  12.48975291787361   4.950799772275917  
320 62.36268286920198  0 0 0  -4.819084915960783   11.44921365342229  
321 62.36268286920198  0 0 0  0.3327943720587071   12.22838453298312  
322 62.36268286920198  0 0 0  6.551073005984872   5.212739006733058  
323 62.36268286920198  0 0 0  0.2563061926396641   6.570055830598558  
324 62.36268286920198  0 0 0  -10.56663827772327   1.726360764006593  
325 62.36268286920198  0 0 0  3.617729732615067   -2.027973732790767  
326 62.36268286920198  0 0 0  -1.822635000210063   6.070779441242912  
327 62.36268286920198  0 0 0  -1.619498488051219   -8.947210352458661  
328 62.36268286920198  0 0 0  8.547872820804642   -6.718312446855756  
329 62.36268286920198  0 0 0  -6.252630279600647   12.12303318501354  
330 62.36268286920198  0 0 0  1.076069745151872   13.70331139299729  
331 62.36268286920198  0 0 0  -3.528854383818225   -12.33366118067198  
332 62.36268286920198  0 0 0  -9.134093861706251   -13.00551135781331  
333 62.36268286920198  0 0 0  -2.312582029018332   -15.66101716761632  
334 62.36268286920198  0 0 0  13.49668516567731   9.368047631385656  
335 62.36268286920198  0 0 0  -5.838491489401378   7.638286088818814  
336 62.36268286920198  0 0 0  1.134516599778123   -6.437379562964058  
337 62.36268286920198  0 0 0  8.569016446137194   4.045937401191991  
338 62.36268286920198  0 0 0  -8.541040762417875   -0.02345267606324971  
339 62.36268286920198  0 0 0  7.235404760929221   5.593259260930688  
340 62.36268286920198  0 0 0  -11.8638696831095   2.636382153648185  
341 62.36268286920198  0 0 0  10.37617774878367   0.6436408056419984  
342 62.36268286920198  0 0 0  1.24399849226866   -11.97875152156383  
343 62.36268286920198  0 0 0  -4.733760823044839   -4.849585629917613  
344 62.36268286920198  0 0 0  -7.564129231269906   3.457122381769564  
345 62.36268286920198  0 0 0  -6.120745348501745   4.248575037775783  
346 62.36268286920198  0 0 0  9.572548162854511   6.175227664494167  
347 62.36268286920198  0 0 0  8.326584307750172   -6.164258415996636  
348 62.36268286920198  0 0 0  -2.387290669199284   10.78693689177364  
349 62.36268286920198  0 0 0  -17.30929671718565   5.772707008538936  
