0 62.36268286920198  0 0 0  -277.3954489409995   2277.446977223779  
1 62.36268286920198  0 0 0  -682.5177899223715   -1578.54770066309  
2 62.36268286920198  0 0 0  -1733.709656725809   -2241.289102361572  
3 62.36268286920198  0 0 0  2540.102939172032   939.8517638960592  
4 62.36268286920198  0 0 0  -723.6519393727999   -2680.205617169022  
5 62.36268286920198  0 0 0  1778.38932811326   2473.17172886906  
6 62.36268286920198  0 0 0  2672.585209702724   -1555.671653123143  
7 62.36268286920198  0 0 0  2642.446407399136   -1349.209177329644  
8 62.36268286920198  0 0 0  -647.895921019994   -1147.399357956558  
9 62.36268286920198  0 0 0  719.401614945902   1852.42298633266  
10 62.36268286920198  0 0 0  1575.872483985591   -637.3570059680202  
11 62.36268286920198  0 0 0  -305.5496195285526   -1460.331642790015  
12 62.36268286920198  0 0 0  787.1502961884165   1850.929523323361  
13 62.36268286920198  0 0 0  574.8552064517492   1438.701925324152  
14 62.36268286920198  0 0 0  -2818.816734177111   -354.6933951928952  
15 62.36268286920198  0 0 0  2160.045055573853   -990.6151948325964  
16 62.36268286920198  0 0 0  -2349.462848699398   -929.4414193909789  
17 62.36268286920198  0 0 0  2036.372447787213   -1259.271123627323  
18 62.36268286920198  0 0 0  2399.034635953867   -214.0271026581174  
19 62.36268286920198  0 0 0  2178.493477682545   -128.4916726363891  
20 62.36268286920198  0 0 0  -1476.953583449426   -637.3882471315902  
21 62.36268286920198  0 0 0  394.5793739869716   1770.028218552198  
22 62.36268286920198  0 0 0  2134.096057071001   -513.0933960549521  
23 62.36268286920198  0 0 0  -1637.217490540583   642.3789468645391  
24 62.36268286920198  0 0 0  -1397.375978114546   -638.0992116208644  
25 62.36268286920198  0 0 0  1645.625308675532   326.8158123736218  
26 62.36268286920198  0 0 0  -589.4701338657841   -2271.087231090612  
27 62.36268286920198  0 0 0  2417.243154706754   673.560455597743  
28 62.36268286920198  0 0 0  4.274875166807687   2019.770853426584  
29 62.36268286920198  0 0 0  -1919.140805512561   1156.537593960274  
30 62.36268286920198  0 0 0  645.8125977426341   -1996.736950877253  
31 62.36268286920198  0 0 0  -621.8911391754265   1981.720030469844  
32 62.36268286920198  0 0 0  790.484910349911   -888.5603969914465  
33 62.36268286920198  0 0 0  864.6736663213431   976.2664007133915  
34 62.36268286920198  0 0 0  -1145.844901884929   216.9097627788539  
35 62.36268286920198  0 0 0  523.9343301551625   -1098.983885710026  
36 62.36268286920198  0 0 0  616.6676792289168   1164.64615945786  
37 62.36268286920198  0 0 0  891.4596760028027   744.8373034922272  
38 62.36268286920198  0 0 0  -1226.356294156364   231.679785386083  
39 62.36268286920198  0 0 0  487.5540711350045   915.8844371068026  
40 62.36268286920198  0 0 0  462.9294243657623   1157.547075346073  
41 62.36268286920198  0 0 0  350.1963370843274   -1778.456772883513  
42 62.36268286920198  0 0 0  335.1090239791289   -1771.017565423022  
43 62.36268286920198  0 0 0  1473.591093290998   271.9222346112855  
44 62.36268286920198  0 0 0  -1580.155398712114   1078.615546071263  
45 62.36268286920198  0 0 0  -608.9398536195603   1230.622281607471  
46 62.36268286920198  0 0 0  -2506.461570622042   -179.2728279792678  
47 62.36268286920198  0 0 0  -161.7960536605877   -2068.01501705041  
48 62.36268286920198  0 0 0  -2330.764266553962   946.136238257758  
49 62.36268286920198  0 0 0  -2493.980206205854   -589.1725945593568  
50 62.36268286920198  0 0 0  2393.186241207656   62.39650219841443  
51 62.36268286920198  0 0 0  1656.875627772805   -56.94955114034359  
52 62.36268286920198  0 0 0  1796.979152303789   -672.8009595376186  
53 62.36268286920198  0 0 0  -1754.607621906131   -1061.45732426658  
54 62.36268286920198  0 0 0  -186.1701084172209   1842.207975514543  
55 62.36268286920198  0 0 0  1730.679899062732   804.7617833260088  
56 62.36268286920198  0 0 0  -2302.72369814903   -1916.935309570008  
57 62.36268286920198  0 0 0  998.1617424699915   -3322.398609200879  
58 62.36268286920198  0 0 0  1687.463303006074   -2388.529847096039  
59 62.36268286920198  0 0 0  -332.7457018077501   -2501.612941156112  
60 62.36268286920198  0 0 0  -2490.213427474086   -1174.309900805688  
61 62.36268286920198  0 0 0  2386.650607038123   1276.215711171961  
62 62.36268286920198  0 0 0  1768.965154571781   -2468.70149129918  
63 62.36268286920198  0 0 0  2482.403063368542   -1947.786129237006  
64 62.36268286920198  0 0 0  2847.234855793193   -2670.937385502777  
65 62.36268286920198  0 0 0  1881.455107290084   2752.046158097539  
66 62.36268286920198  0 0 0  -946.7742918778947   -1741.613074607176  
67 62.36268286920198  0 0 0  -1744.252753140285   987.8168276506248  
68 62.36268286920198  0 0 0  768.7239276724911   -3124.803832777357  
69 62.36268286920198  0 0 0  -3332.317769103317   1419.874953046739  
70 62.36268286920198  0 0 0  -2879.052669225859   2036.950561655586  
71 62.36268286920198  0 0 0  975.7778530129946   1850.672077393911  
72 62.36268286920198  0 0 0  -533.2442442477994   1959.858543279859  
73 62.36268286920198  0 0 0  2016.410722826811   916.1594254858923  
74 62.36268286920198  0 0 0  322.4671900944285   848.3071862364526  
75 62.36268286920198  0 0 0  196.6194215949581   -995.4531529228281  
76 62.36268286920198  0 0 0  -100.908547324736   -883.1260401640378  
77 62.36268286920198  0 0 0  -1057.912720056791   206.7391760134077  
78 62.36268286920198  0 0 0  -950.9107096895989   657.6974806231503  
79 62.36268286920198  0 0 0  -869.9935097977246   -353.3379486501757  
80 62.36268286920198  0 0 0  1935.157263467762   2468.617265877712  
81 62.36268286920198  0 0 0  3133.728730806145   1915.128944275682  
82 62.36268286920198  0 0 0  405.00805450373   2426.17668147315  
83 62.36268286920198  0 0 0  -17.41128484677009   -3354.727464031712  
84 62.36268286920198  0 0 0  3040.878116193712   858.0482650941565  
85 62.36268286920198  0 0 0  3641.573326216293   1088.021227132948  
86 62.36268286920198  0 0 0  -893.9666168490456   1224.934475818732  
87 62.36268286920198  0 0 0  -1805.731507014785   632.973355072004  
88 62.36268286920198  0 0 0  437.7802421217238   1836.958205394305  
89 62.36268286920198  0 0 0  2201.691107321728   343.5817478431923  
90 62.36268286920198  0 0 0  -1939.962023230613   1260.788183631828  
91 62.36268286920198  0 0 0  1311.992343820888   1903.920895750358  
92 62.36268286920198  0 0 0  -1532.125157473293   1393.956155755954  
93 62.36268286920198  0 0 0  2285.928811561005   -1511.412499551379  
94 62.36268286920198  0 0 0  -2296.992276365812   -941.4260851101475  
95 62.36268286920198  0 0 0  -384.3727502801221   320.4005202045311  
96 62.36268286920198  0 0 0  -428.7423127154778   265.2458115417509  
97 62.36268286920198  0 0 0  509.2818611136256   404.9668575096544  
98 62.36268286920198  0 0 0  -2713.294400572294   2528.952019623766  
99 62.36268286920198  0 0 0  -3035.216505737735   -2555.985654646514  
100 62.36268286920198  0 0 0  4477.936810701647   236.9290252712154  
101 62.36268286920198  0 0 0  -192.492386722268   581.9533132920993  
102 62.36268286920198  0 0 0  706.5606862618121   196.0182135485408  
103 62.36268286920198  0 0 0  215.3792778331473   -520.3396589750059  
104 62.36268286920198  0 0 0  1058.04289369119   -4691.304643922806  
105 62.36268286920198  0 0 0  1847.225218909646   3178.877700314199  
106 62.36268286920198  0 0 0  3917.394058938489   1.74345840015395  
107 62.36268286920198  0 0 0  2628.714281041288   -1392.235715931361  
108 62.36268286920198  0 0 0  -2176.259323597495   679.3957486756412  
109 62.36268286920198  0 0 0  3333.872216969628   1822.484345377666  
110 62.36268286920198  0 0 0  2601.233063210666   2273.622478673529  
111 62.36268286920198  0 0 0  -2705.06158083509   -2731.469696407422  
112 62.36268286920198  0 0 0  5065.135919574151   -2142.926611652751  
113 62.36268286920198  0 0 0  4030.645697763334   387.1001819274083  
114 62.36268286920198  0 0 0  -171.8681682921365   -2571.782334195839  
115 62.36268286920198  0 0 0  209.9392935546157   -4295.637676044087  
116 62.36268286920198  0 0 0  -3506.076721914947   -3372.728349049578  
117 62.36268286920198  0 0 0  -4557.354629132918   -630.6833155812078  
118 62.36268286920198  0 0 0  -1344.399549081237   -3414.5412484903  
119 62.36268286920198  0 0 0  -3381.902903542926   1199.151433044445  
120 62.36268286920198  0 0 0  -1011.720292396299   -2341.88388751072  
121 62.36268286920198  0 0 0  -3463.426096244084   -600.6100105526234  
122 62.36268286920198  0 0 0  1402.287507129727   3018.148260677327  
123 62.36268286920198  0 0 0  -491.4193651455614   -2253.179644811246  
124 62.36268286920198  0 0 0  53.97652787638705   2422.87394522454  
125 62.36268286920198  0 0 0  -2585.293856820099   -2030.671990873951  
126 62.36268286920198  0 0 0  -3063.062475585503   1585.596062533323  
127 62.36268286920198  0 0 0  2816.14029396442   -1743.295019542663  
128 62.36268286920198  0 0 0  2506.261147429076   1310.697199201733  
129 62.36268286920198  0 0 0  -2607.319270441256   1474.579123296583  
130 62.36268286920198  0 0 0  -1984.116684330903   -3323.072493851672  
131 62.36268286920198  0 0 0  3654.148661973971   -2744.805772475664  
132 62.36268286920198  0 0 0  3407.305674234414   1168.520543523178  
133 62.36268286920198  0 0 0  145.8924696663354   -448.9967320028188  
134 62.36268286920198  0 0 0  360.2730181949243   -417.4499743215927  
135 62.36268286920198  0 0 0  -639.1087496331641   -3314.918840520274  
136 62.36268286920198  0 0 0  -3322.190685924629   1499.492561984717  
137 62.36268286920198  0 0 0  -3293.394035213012   1781.912840178245  
138 62.36268286920198  0 0 0  3342.508084847173   -1073.106669116289  
139 62.36268286920198  0 0 0  2665.954370142019   -2710.338066610397  
140 62.36268286920198  0 0 0  2915.662777186934   1344.760098553692  
141 62.36268286920198  0 0 0  -280.7133204218974   -2951.189371196201  
142 62.36268286920198  0 0 0  4398.77461063384   -547.5043660227418  
143 62.36268286920198  0 0 0  -4902.68125662584   -474.8676439925155  
144 62.36268286920198  0 0 0  -4770.813450736339   1557.923512988173  
145 62.36268286920198  0 0 0  -3565.070546771813   4603.942555892697  
146 62.36268286920198  0 0 0  -5415.268511776769   -1707.980285749876  
147 62.36268286920198  0 0 0  2675.031004378067   2410.771088166937  
148 62.36268286920198  0 0 0  -2492.272243509583   -1375.503719201489  
149 62.36268286920198  0 0 0  2097.164869037888   2778.942842282499  
150 62.36268286920198  0 0 0  -2507.983432232086   -1075.496015523865  
151 62.36268286920198  0 0 0  -164.1543559221014   3509.229535944825  
152 62.36268286920198  0 0 0  2441.548530916765   -2293.67739332149  
153 62.36268286920198  0 0 0  1759.062831186977   -3278.599562767489  
154 62.36268286920198  0 0 0  1901.056479909767   -3657.184127133723  
155 62.36268286920198  0 0 0  -5028.001048235869   -130.6023342962483  
156 62.36268286920198  0 0 0  -2539.966948861462   4649.926362776089  
157 62.36268286920198  0 0 0  1227.614091820015   3706.077322650214  
158 62.36268286920198  0 0 0  1686.731321220025   3686.47456133274  
159 62.36268286920198  0 0 0  3111.445228277609   -655.3791504396114  
160 62.36268286920198  0 0 0  -4447.632541153072   1063.612975164567  
161 62.36268286920198  0 0 0  3731.659472771173   -2392.071149758279  
162 62.36268286920198  0 0 0  -3575.433324629237   3126.571802423838  
163 62.36268286920198  0 0 0  471.0124188593035   -58.89334252512021  
164 62.36268286920198  0 0 0  335.6415233238605   -337.5599706413154  
165 62.36268286920198  0 0 0  -513.3754106849939   -53.54665296750525  
166 62.36268286920198  0 0 0  3967.426372899849   523.632687109951  
167 62.36268286920198  0 0 0  3298.798845698853   3028.603610121286  
168 62.36268286920198  0 0 0  129.1789856425248   3341.949551803872  
169 62.36268286920198  0 0 0  -2757.491560348374   38.11224564285803  
170 62.36268286920198  0 0 0  2749.489664277595   710.4962086173001  
171 62.36268286920198  0 0 0  629.1112729557208   2564.12883800598  
172 62.36268286920198  0 0 0  -2598.52620685365   345.4494249263859  
173 62.36268286920198  0 0 0  -1718.922428897093   2253.57573852894  
174 62.36268286920198  0 0 0  -2283.909805079294   -1550.728657820803  
175 62.36268286920198  0 0 0  -2378.217597460059   -1590.461977191824  
176 62.36268286920198  0 0 0  -2950.544861253028   -951.2713768979579  
177 62.36268286920198  0 0 0  -2074.813906009297   -4716.854344143075  
178 62.36268286920198  0 0 0  3011.540105321365   106.2561625223097  
179 62.36268286920198  0 0 0  -1949.714054104743   1613.210099589518  
180 62.36268286920198  0 0 0  -3068.014412851827   6342.131447794823  
181 62.36268286920198  0 0 0  706.7159784621301   -5361.482885428924  
182 62.36268286920198  0 0 0  433.3054600627519   3301.291612241846  
183 62.36268286920198  0 0 0  -2959.934096531075   2965.52125374289  
184 62.36268286920198  0 0 0  2984.72386768833   1653.226786332803  
185 62.36268286920198  0 0 0  -4399.413726325191   -8612.299809812765  
186 62.36268286920198  0 0 0  -4371.629027201409   1337.288696578059  
187 62.36268286920198  0 0 0  3205.881851552462   -2680.510625125264  
188 62.36268286920198  0 0 0  3831.11210049507   4331.130292294879  
189 62.36268286920198  0 0 0  4244.503948634902   2010.727634821744  
190 62.36268286920198  0 0 0  -2952.452952318443   4496.201999612996  
191 62.36268286920198  0 0 0  -628.0036193460667   -4099.142514675143  
192 62.36268286920198  0 0 0  -5036.359780021998   -3045.187951031962  
193 62.36268286920198  0 0 0  -1321.886877930257   6157.999663518126  
194 62.36268286920198  0 0 0  5266.238918351063   233.2981949822285  
195 62.36268286920198  0 0 0  -2280.926485093177   -5443.703479874435  
196 62.36268286920198  0 0 0  -1670.415565147176   -4749.353560818944  
197 62.36268286920198  0 0 0  889.1157026350506   5931.740282835798  
198 62.36268286920198  0 0 0  -359.2944732023819   -5773.640203058231  
199 62.36268286920198  0 0 0  -6098.704184118556   2438.984050356246  
200 62.36268286920198  0 0 0  -3149.11532890546   4491.544449992156  
201 62.36268286920198  0 0 0  -1163.092457171877   -2884.167560751234  
202 62.36268286920198  0 0 0  1968.225509957352   -1974.602720916113  
203 62.36268286920198  0 0 0  5856.474124352701   -553.1079558003526  
204 62.36268286920198  0 0 0  -5342.98494260197   567.1935219232981  
205 62.36268286920198  0 0 0  1899.53020180762   4682.597027109698  
206 62.36268286920198  0 0 0  -213.857743929179   -2053.733552340869  
207 62.36268286920198  0 0 0  -315.3028899681802   10049.46219199507  
208 62.36268286920198  0 0 0  -299.5769174124116   1781.705486478901  
209 62.36268286920198  0 0 0  -2743.093876561913   3909.154976644789  
210 62.36268286920198  0 0 0  2449.063676978021   -4813.691631760466  
211 62.36268286920198  0 0 0  -2104.178552695579   -2712.162459054379  
212 62.36268286920198  0 0 0  6807.918814358634   16.90847401234593  
213 62.36268286920198  0 0 0  -1235.207925154363   3352.946335513814  
214 62.36268286920198  0 0 0  -1438.810477905862   2579.911520892977  
215 62.36268286920198  0 0 0  14.32542850950379   -4274.345568021988  
216 62.36268286920198  0 0 0  -2987.452913549321   -1348.625268736612  
217 62.36268286920198  0 0 0  1721.561777241388   1862.911939938687  
218 62.36268286920198  0 0 0  -4378.566201780876   1516.709618550547  
219 62.36268286920198  0 0 0  2384.298146838531   -1137.66772294393  
220 62.36268286920198  0 0 0  587.7414104864273   3794.000260239864  
221 62.36268286920198  0 0 0  4370.32429141713   2095.143454537244  
222 62.36268286920198  0 0 0  2202.425845258261   1849.830807269657  
223 62.36268286920198  0 0 0  -2150.48816592522   -2050.952434524013  
224 62.36268286920198  0 0 0  2480.683705745525   -115.3249644714593  
225 62.36268286920198  0 0 0  822.5185532223062   -5336.030857958551  
226 62.36268286920198  0 0 0  3219.461817890123   -1901.586453219267  
227 62.36268286920198  0 0 0  370.8082233743973   5047.090627774974  
228 62.36268286920198  0 0 0  1968.215028212757   -4218.860980704834  
229 62.36268286920198  0 0 0  -4517.460915150139   2544.338858285876  
230 62.36268286920198  0 0 0  -6228.419190064877   176.9665155020165  
231 62.36268286920198  0 0 0  -6048.240322463294   -1350.769808273245  
232 62.36268286920198  0 0 0  -3162.427743469522   -4767.048449030723  
233 62.36268286920198  0 0 0  5844.413724483571   -1125.862695989218  
234 62.36268286920198  0 0 0  1626.871917002112   -5638.081761211255  
235 62.36268286920198  0 0 0  -2346.91071464115   3788.98940876176  
236 62.36268286920198  0 0 0  3802.330233341763   3604.785875887916  
237 62.36268286920198  0 0 0  4415.374533679304   -2574.995836130874  
238 62.36268286920198  0 0 0  3788.871496808598   -577.9004780752126  
239 62.36268286920198  0 0 0  1059.610276206781   -3756.09005753482  
240 62.36268286920198  0 0 0  -4524.94435307442   2659.572506842924  
241 62.36268286920198  0 0 0  1788.419577388088   3443.428636645579  
242 62.36268286920198  0 0 0  1302.100628036446   3787.19837709778  
243 62.36268286920198  0 0 0  -775.9138653641872   4848.162473238359  
244 62.36268286920198  0 0 0  2308.293905131547   -2386.771881616441  
245 62.36268286920198  0 0 0  4567.928039152521   765.6096078321274  
246 62.36268286920198  0 0 0  -3393.945397920611   -2511.747184627462  
247 62.36268286920198  0 0 0  3276.124173667597   -141.0331766715998  
248 62.36268286920198  0 0 0  -1718.280157465718   1360.437977262347  
249 62.36268286920198  0 0 0  -4193.494444983749   -932.3112658805425  
250 62.36268286920198  0 0 0  1461.093887199705   3423.745998792468  
251 62.36268286920198  0 0 0  -4686.482695977998   1841.624515800832  
252 62.36268286920198  0 0 0  798.4728101530527   -2492.591391202693  
253 62.36268286920198  0 0 0  -3786.379697080341   -118.3059562215661  
254 62.36268286920198  0 0 0  1639.370520584252   -8217.812393979022  
255 62.36268286920198  0 0 0  -4926.681739933049   1576.849342145528  
256 62.36268286920198  0 0 0  5953.075743053927   1776.720705316171  
257 62.36268286920198  0 0 0  4734.612711499375   -3172.11681959526  
258 62.36268286920198  0 0 0  5856.323685838032   764.164222876241  
259 62.36268286920198  0 0 0  4914.723067728264   3175.652354037072  
260 62.36268286920198  0 0 0  4470.89814237252   -5525.801723800853  
261 62.36268286920198  0 0 0  3848.235046712529   6731.110096314194  
262 62.36268286920198  0 0 0  -6226.215276614632   6527.250832601749  
263 62.36268286920198  0 0 0  2948.157731856247   4176.260861303636  
264 62.36268286920198  0 0 0  3241.58671815805   -3610.515729279665  
265 62.36268286920198  0 0 0  2357.270054000724   2889.600131370629  
266 62.36268286920198  0 0 0  4506.325206987725   -1818.76186280058  
267 62.36268286920198  0 0 0  2839.789338234412   -1950.377968412435  
268 62.36268286920198  0 0 0  1880.264966445979   -3974.593723325822  
269 62.36268286920198  0 0 0  7097.951289548797   3374.523081282979  
270 62.36268286920198  0 0 0  -2140.71028982957   5245.936511936744  
271 62.36268286920198  0 0 0  -409.5820865556526   5789.733162426111  
272 62.36268286920198  0 0 0  -1812.688910406215   -1216.563026598294  
273 62.36268286920198  0 0 0  1024.83006593429   1362.920965074652  
274 62.36268286920198  0 0 0  -1731.201339285229   -5038.143599509207  
275 62.36268286920198  0 0 0  -714.7226546231371   -1515.066213821268  
276 62.36268286920198  0 0 0  -2508.179948921048   3618.732416533728  
277 62.36268286920198  0 0 0  -422.8624206209108   4285.799698935632  
278 62.36268286920198  0 0 0  839.8084314048098   3977.805505440938  
279 62.36268286920198  0 0 0  -3879.904221524227   1263.505345739947  
280 62.36268286920198  0 0 0  -2360.592092785047   -4569.300497380171  
281 62.36268286920198  0 0 0  -5122.728335850082   -1556.819452165933  
282 62.36268286920198  0 0 0  1175.476879198789   -3082.738178109653  
283 62.36268286920198  0 0 0  -3061.518324751437   1929.068771912104  
284 62.36268286920198  0 0 0  3456.812600538944   -21.76754492266189  
285 62.36268286920198  0 0 0  4527.690402620381   -3496.152283108008  
286 62.36268286920198  0 0 0  -3883.04880469234   -2458.590046532776  
287 62.36268286920198  0 0 0  4420.532226430561   3264.983554259331  
288 62.36268286920198  0 0 0  -571.5757117884626   -1484.084050507451  
289 62.36268286920198  0 0 0  1518.970233808805   224.317846130104  
290 62.36268286920198  0 0 0  -1437.996496734486   -2490.254937739585  
291 62.36268286920198  0 0 0  2614.31022619123   1895.857952966726  
292 62.36268286920198  0 0 0  -2188.083676947639   3745.187732483091  
293 62.36268286920198  0 0 0  -4892.851214253462   -831.3244837042793  
294 62.36268286920198  0 0 0  -4442.984167656885   1998.040738525471  
295 62.36268286920198  0 0 0  2341.533950033663   -4803.127489690492  
296 62.36268286920198  0 0 0  4676.042005657286   7367.475669366745  
297 62.36268286920198  0 0 0  1505.68965261482   -5263.25664540141  
298 62.36268286920198  0 0 0  3969.375160670899   -5320.311346924179  
299 62.36268286920198  0 0 0  -2695.466090176433   -4957.519125329187  
300 62.36268286920198  0 0 0  1968.901844785357   10257.93754959628  
301 62.36268286920198  0 0 0  7164.786546943356   -6243.87912686399  
302 62.36268286920198  0 0 0  7490.448810742687   519.5872754005601  
303 62.36268286920198  0 0 0  5019.471718687222   -3205.962197233594  
304 62.36268286920198  0 0 0  -10529.3603810381   1806.49189547522  
305 62.36268286920198  0 0 0  3675.159288359062   2755.52781780332  
306 62.36268286920198  0 0 0  5157.554067157196   3570.216122212488  
307 62.36268286920198  0 0 0  6179.992983517155   -3566.525635952625  
308 62.36268286920198  0 0 0  6337.603931320019   -1402.887842535654  
309 62.36268286920198  0 0 0  4782.118739664655   3772.977851310076  
310 62.36268286920198  0 0 0  3539.811103402313   5954.061672582148  
311 62.36268286920198  0 0 0  163.9515396437079   4590.85262391997  
312 62.36268286920198  0 0 0  -2833.249409888292   -906.4013017583235  
313 62.36268286920198  0 0 0  -3326.183086241388   -3421.375053641388  
314 62.36268286920198  0 0 0  -3245.494400174256   1080.960345577341  
315 62.36268286920198  0 0 0  2499.990873217099   -2397.173648783402  
316 62.36268286920198  0 0 0  -626.6827266019598   3507.051937488354  
317 62.36268286920198  0 0 0  -5505.147241150436   -2313.814559244302  
318 62.36268286920198  0 0 0  -4042.403264567433   3469.893234975062  
319 62.36268286920198  0 0 0  5414.767543177851   488.648118428058  
320 62.36268286920198  0 0 0  -553.6166850987066   4993.701918640659  
321 62.36268286920198  0 0 0  1534.2588166354   4709.429514160934  
322 62.36268286920198  0 0 0  3140.013645614073   1288.541706968686  
323 62.36268286920198  0 0 0  841.4602510542574   2514.483214719125  
324 62.36268286920198  0 0 0  -3921.16794581881   1875.223752063813  
325 62.36268286920198  0 0 0  1193.303627363563   -1209.758124851819  
326 62.36268286920198  0 0 0  -8.064529747423965   2570.619226477818  
327 62.36268286920198  0 0 0  -1662.065060098849   -3317.77639880141  
328 62.36268286920198  0 0 0  2576.981957680125   -3615.973381892569  
329 62.36268286920198  0 0 0  -1059.187842921656   5497.255644958588  
330 62.36268286920198  0 0 0  1993.053411029491   5371.428046641548  
331 62.36268286920198  0 0 0  -2819.599768789172   -4472.099039149302  
332 62.36268286920198  0 0 0  -5065.303428249931   -4230.265772215521  
333 62.36268286920198  0 0 0  -2667.374961764996   -5985.59785211374  
334 62.36268286920198  0 0 0  6370.954874917056   2232.889581835715  
335 62.36268286920198  0 0 0  -1454.447834934113   3751.903176882073  
336 62.36268286920198  0 0 0  -299.3593491184297   -2720.235741945344  
337 62.36268286920198  0 0 0  3919.495912622583   626.8426654615553  
338 62.36268286920198  0 0 0  -3437.931061646167   994.2349022249325  
339 62.36268286920198  0 0 0  3567.385528087996   1400.022436147275  
340 62.36268286920198  0 0 0  -4470.15402220337   2449.374611512339  
341 62.36268286920198  0 0 0  4298.979949683991   -1021.407843423244  
342 62.36268286920198  0 0 0  -976.6768709386081   -5022.21432235342  
343 62.36268286920198  0 0 0  -2605.202304917892   -1392.963302054135  
344 62.36268286920198  0 0 0  -2694.263008885307   2432.175575699016  
345 62.36268286920198  0 0 0  -1987.43580411656   2568.306356926928  
346 62.36268286920198  0 0 0  4791.122506161048   1436.480298520411  
347 62.36268286920198  0 0 0  2757.331574463993   -3620.182167666022  
348 62.36268286920198  0 0 0  303.3124477996159   4844.885868168259  
349 62.36268286920198  0 0 0  -6645.481985914774   4566.037702566733  
